683
837
336
187
265
400
446
358
757
69
412
654
812
272
808
943
869
952
176
59
979
68
292
725
421
327
109
515
123
267
569
733
25
907
437
879
808
504
221
762
90
717
399
777
378
159
197
884
619
350
798
217
455
837
540
862
694
982
503
486
76
16
933
733
684
136
862
295
60
789
531
31
329
709
250
546
93
458
760
153
412
826
8
665
84
33
949
602
119
90
981
399
385
189
268
424
681
888
390
199
289
293
49
770
813
315
778
831
862
864
816
913
317
664
62
853
911
839
860
727
411
885
918
704
150
545
272
485
212
50
543
264
823
432
868
338
537
753
333
958
244
790
845
456
474
868
755
924
257
63
470
530
682
932
216
578
749
401
981
969
490
506
595
5
553
250
600
58
117
224
926
968
203
482
384
673
932
707
944
285
493
39
827
571
499
429
476
504
238
106
838
780
165
308
443
532
973
646
14
671
26
641
323
494
16
168
96
995
936
494
448
999
687
794
105
525
270
833
714
718
607
732
32
111
763
804
131
602
901
539
920
827
444
721
443
408
738
285
16
471
298
189
906
950
222
334
384
532
818
337
580
773
590
723
862
167
583
243
963
343
864
629
387
452
647
641
927
914
776
261
660
62
349
642
291
466
669
154
765
89
360
152
433
341
414
690
755
866
732
859
243
125
371
272
776
31
598
381
329
544
24
214
912
755
620
272
405
965
627
171
655
389
344
467
587
126
725
958
502
342
85
452
75
996
99
209
562
630
317
250
928
7
358
555
365
290
567
62
167
649
883
960
634
746
302
720
729
486
547
828
461
810
169
131
915
419
625
615
949
991
868
53
14
54
280
366
236
378
20
929
749
794
828
842
740
364
420
153
279
572
447
522
704
390
652
778
319
410
777
555
140
863
69
899
10
829
852
539
216
75
847
791
647
104
521
646
264
708
716
119
388
804
896
943
694
159
946
169
775
506
697
942
818
141
609
772
552
301
198
909
361
303
480
655
728
950
756
775
461
721
982
441
496
356
194
650
766
318
727
90
631
736
42
182
645
449
301
235
456
963
868
738
342
202
136
308
910
436
560
554
172
281
263
445
265
999
447
996
242
297
477
58
440
110
179
330
990
885
298
795
545
152
708
325
412
588
857
349
939
696
935
938
233
415
748
291
207
569
738
541
542
729
3
27
900
180
282
351
505
436
445
903
785
384
934
319
978
904
727
547
215
938
954
831
11
35
610
62
184
267
466
619
451
512
407
767
192
984
718
304
959
560
967
184
534
474
577
840
588
915
290
451
575
917
546
429
953
288
548
273
266
976
577
433
489
896
617
431
91
174
748
115
16
422
789
349
25
737
65
166
552
67
50
627
333
26
263
459
397
159
995
590
871
521
619
636
713
987
411
455
112
527
360
593
710
299
777
314
463
340
186
726
935
237
282
828
450
804
394
792
107
761
609
668
488
380
823
292
732
600
362
415
299
493
451
836
731
118
911
185
305
959
67
764
720
373
937
642
213
49
647
872
667
825
626
240
925
994
734
728
817
301
728
575
33
607
994
327
969
522
264
963
666
338
734
5
818
363
631
956
908
258
989
441
859
742
748
669
972
16
682
337
299
82
638
855
995
987
571
978
527
887
509
569
876
428
44
367
428
714
135
82
812
169
419
468
719
241
710
993
397
36
648
91
275
158
151
108
792
505
159
571
850
746
653
662
72
384
143
521
853
473
911
870
78
299
519
574
677
77
677
908
642
519
213
265
218
180
521
786
584
991
304
254
279
553
608
127
827
494
317
171
464
311
360
877
398
600
95
781
738
620
49
524
839
867
496
245
583
675
543
575
37
359
892
824
203
159
80
671
760
770
893
743
942
651
134
9
982
131
214
807
609
460
184
850
673
763
497
632
36
712
707
417
830
858
604
0
576
90
193
141
407
341
300
369
614
905
4
288
334
137
966
155
794
30
563
623
44
225
481
182
482
546
272
844
697
985
390
638
544
125
900
892
459
19
425
526
176
93
92
431
489
912
459
851
746
357
590
448
928
915
918
871
812
522
712
767
808
149
586
962
677
394
769
545
791
441
642
188
470
513
410
263
388
75
203
385
970
546
223
132
538
796
526
593
55
490
709
496
703
36
263
174
129
169
929
432
258
859
813
772
999
783
222
254
450
760
328
320
383
381
231
747
85
10
259
787
491
716
565
326
172
139
944
423
922
614
176
416
110
579
168
251
479
717
633
464
330
826
329
117
461
834
455
378
979
652
930
241
928
657
391
34
753
285
232
276
270
295
340
977
919
95
589
483
281
396
793
728
445
3
372
245
227
902
618
213
530
850
592
806
239
251
217
170
664
111
966
945
179
90
235
536
591
260
74
439
442
693
450
575
854
381
975
282
632
499
154
272
515
617
460
769
712
317
439
655
51
843
239
842
286
494
88
859
348
131
676
225
465
731
737
133
327
945
826
448
848
766
287
546
930
389
532
27
378
664
79
257
107
365
834
572
565
661
116
266
61
788
910
983
549
529
592
918
710
476
298
207
414
286
365
789
731
317
541
330
182
807
22
900
505
235
69
764
258
999
320
475
332
836
682
721
320
464
510
547
734
261
416
795
538
438
390
601
25
670
655
789
654
952
481
508
141
516
862
188
423
254
970
562
340
583
757
378
195
622
368
648
23
437
450
29
403
863
122
544
81
406
504
482
525
826
45
409
986
139
170
611
441
319
441
355
230
940
737
844
952
591
683
399
349
255
831
480
876
346
863
321
333
843
944
826
514
267
4
498
296
721
991
673
12
934
708
283
662
18
114
451
991
488
206
330
239
274
418
871
685
227
887
535
608
218
633
593
152
341
435
3
550
146
541
986
526
747
500
338
857
756
80
386
794
273
535
233
911
754
218
906
559
861
342
914
892
412
469
785
399
884
251
204
460
687
331
425
125
552
454
283
194
222
452
435
146
678
390
91
195
175
842
59
93
99
634
786
797
90
702
613
896
896
614
688
836
140
513
623
287
997
677
545
205
476
616
539
250
826
677
215
240
657
678
853
554
101
508
708
0
715
639
258
669
225
874
665
490
939
93
117
660
741
825
318
678
224
131
744
333
452
400
783
443
463
112
552
41
338
58
181
615
274
330
934
26
252
195
56
138
540
572
590
376
626
511
837
637
327
189
368
640
778
821
675
447
357
946
382
972
986
327
815
920
739
146
468
802
124
991
761
306
293
302
286
764
107
550
907
496
633
820
960
201
794
121
886
538
619
340
743
685
684
504
977
158
370
615
923
75
66
430
567
926
623
99
512
652
397
125
635
181
745
874
488
674
558
345
887
503
741
855
620
930
845
50
764
329
535
428
489
80
238
823
205
357
302
862
231
889
141
259
380
991
352
770
165
967
23
429
704
316
399
484
579
564
403
122
918
112
776
343
567
373
55
985
399
337
521
662
321
840
38
923
742
674
227
225
143
270
8
617
120
672
815
313
398
651
383
220
120
72
376
735
697
773
800
867
220
78
94
445
590
67
692
207
164
601
632
915
983
765
555
837
931
572
981
230
781
634
565
64
11
747
601
866
791
809
308
762
106
288
677
623
665
253
179
90
110
15
400
712
225
386
578
802
641
377
902
244
693
51
1
814
176
641
664
265
509
917
282
359
805
374
702
557
927
944
420
505
98
883
0
479
694
707
197
47
725
41
717
741
578
10
454
212
712
17
96
766
575
693
871
307
969
721
970
25
16
814
415
958
891
456
632
114
957
920
169
363
539
459
399
114
445
337
358
348
79
134
980
456
348
540
764
456
877
687
82
607
445
592
257
344
713
141
50
665
60
744
975
41
200
389
93
153
943
99
726
539
413
359
973
67
770
965
27
661
27
687
802
352
291
490
97
266
649
344
272
742
778
686
438
211
329
269
570
302
990
72
310
656
971
684
139
465
491
416
955
34
942
463
36
365
241
803
97
285
718
208
786
198
859
854
663
345
890
802
356
645
887
663
938
854
232
300
268
18
262
343
821
628
306
836
92
492
386
303
241
966
483
120
683
118
922
855
408
844
640
497
908
344
688
55
232
346
420
439
807
94
547
400
111
883
885
146
3
68
930
411
991
762
73
312
629
267
669
824
16
660
272
807
988
901
887
479
314
998
200
496
437
565
319
182
710
944
135
386
904
594
728
505
610
388
417
729
208
616
687
967
537
463
191
28
764
562
486
858
109
873
13
879
378
742
340
130
162
110
859
781
828
762
795
164
8
258
453
618
217
201
592
55
701
195
714
807
925
544
266
291
58
150
780
330
542
275
706
736
414
88
727
305
928
976
713
340
641
536
744
461
904
79
195
755
698
535
964
78
592
154
136
242
902
316
287
973
249
263
686
293
478
833
291
293
530
371
285
178
187
820
495
250
439
73
666
315
641
284
928
956
544
994
476
837
674
578
507
245
871
389
712
674
499
251
994
819
449
892
188
451
208
434
110
742
730
654
88
843
763
421
622
110
12
709
38
577
961
923
335
24
523
160
584
946
816
40
159
470
128
666
243
230
87
340
84
419
268
348
755
154
624
841
684
911
844
496
142
277
590
534
788
663
506
78
737
518
476
77
706
848
748
549
481
742
322
209
6
406
164
548
131
106
83
519
98
426
949
708
467
944
891
793
170
342
26
867
120
373
76
126
482
332
280
383
815
818
735
258
513
207
976
380
513
449
405
469
619
623
997
323
118
459
596
812
293
445
28
744
184
846
442
466
1
443
676
956
753
477
222
449
689
386
12
768
60
227
225
873
794
22
890
206
722
566
1
199
30
952
735
526
956
912
403
436
33
319
260
184
426
485
978
739
869
6
839
6
757
65
7
264
37
568
545
447
853
359
256
392
928
290
5
112
842
443
868
581
874
772
607
882
240
353
937
494
857
174
304
28
375
636
465
916
117
381
176
824
893
488
271
666
95
900
767
743
253
373
99
899
821
570
279
197
268
14
184
473
816
565
1
389
398
877
669
688
524
588
92
268
193
993
766
244
465
524
662
275
28
974
328
791
894
855
919
635
941
274
541
799
633
419
486
764
758
252
8
941
532
238
569
676
543
5
473
686
251
958
286
251
455
560
997
711
506
982
973
468
246
73
607
14
194
583
168
165
479
638
128
318
475
956
727
869
312
171
580
818
415
326
13
399
830
112
701
280
532
157
531
49
202
3
158
956
27
268
700
438
727
582
884
740
283
361
991
400
473
101
613
262
145
683
899
912
902
857
868
432
488
484
197
42
276
860
926
21
561
13
962
202
63
659
346
697
843
732
172
542
75
752
864
859
989
343
538
982
814
843
830
216
226
560
229
114
603
774
309
47
152
736
695
732
647
596
506
788
300
201
283
587
492
478
674
694
830
586
924
701
325
827
547
330
52
66
99
799
797
898
655
686
400
364
683
796
513
400
882
207
821
483
304
722
982
701
312
927
730
78
772
881
670
883
708
381
740
424
888
632
641
867
488
223
688
880
562
46
263
667
526
693
256
972
138
848
488
731
548
500
823
973
711
957
704
824
685
864
9
160
778
374
393
427
288
120
508
937
460
777
469
543
321
366
589
430
786
134
785
824
1
185
926
780
593
173
552
140
413
429
763
534
207
233
885
554
444
536
226
496
713
281
458
127
635
406
415
237
706
940
611
754
749
24
828
787
737
372
440
279
237
510
775
815
409
528
992
220
8
216
414
394
472
335
414
83
515
459
45
599
135
971
776
109
365
377
180
331
61
323
359
421
951
187
380
32
794
95
825
661
446
706
153
782
841
558
303
79
275
807
606
596
281
641
232
234
930
614
488
314
935
421
489
938
995
720
673
824
630
903
905
712
65
660
285
490
967
927
201
357
167
595
279
882
515
52
454
532
719
205
543
533
798
766
784
511
345
171
187
491
44
44
151
323
564
99
843
981
862
705
668
776
337
319
56
470
6
981
654
504
123
995
857
40
670
604
527
799
103
742
47
762
937
661
516
608
717
78
892
411
898
95
21
338
540
195
210
375
259
332
411
349
458
947
638
236
506
845
842
893
86
687
336
733
357
218
249
618
874
345
133
496
896
283
301
582
765
697
890
203
16
84
96
171
86
682
859
637
569
856
818
564
730
630
215
126
214
112
761
819
344
632
515
874
883
959
168
526
482
209
341
425
198
910
54
729
136
196
352
410
816
951
278
295
262
855
137
926
45
94
924
700
133
919
477
830
848
911
135
226
622
930
812
94
764
724
411
940
926
124
971
572
313
502
14
380
843
64
692
154
866
179
489
663
653
409
769
847
533
669
459
145
654
717
320
30
334
762
993
177
826
221
332
815
401
656
728
309
222
489
79
336
926
476
423
72
482
141
235
713
136
58
176
6
861
173
992
926
829
6
491
479
922
832
886
660
309
735
142
876
945
941
433
452
99
980
6
691
193
683
471
361
940
477
772
973
774
157
660
523
817
258
311
487
256
641
690
93
428
141
786
832
317
516
30
808
920
882
245
8
793
20
316
923
341
927
529
843
170
194
533
616
675
394
760
859
365
727
460
81
695
678
965
785
724
282
417
647
946
975
491
469
24
85
144
51
479
911
196
638
357
851
526
546
820
601
664
605
677
18
95
665
393
482
862
4
947
500
584
778
847
327
486
684
998
826
544
63
497
728
175
674
622
270
182
15
16
148
878
20
825
520
956
629
465
128
951
319
126
145
379
791
519
747
694
133
316
667
332
36
562
56
542
739
929
695
910
624
330
38
649
164
595
186
326
57
37
918
759
420
472
104
974
981
382
523
311
34
573
11
136
611
785
127
533
932
211
574
723
996
827
267
247
205
194
179
527
722
561
402
225
934
798
448
410
207
537
624
491
