0
4
9
11
14
17
21
26
29
34
37
40
43
47
51
52
54
56
57
59
63
67
72
73
75
79
84
89
93
97
100
102
103
108
110
111
112
114
118
120
125
130
132
135
139
144
147
152
156
161
164
167
171
176
179
181
184
189
194
199
202
207
208
211
216
218
221
222
224
225
230
234
237
239
241
244
248
253
255
260
262
265
266
270
272
274
279
284
288
291
296
301
302
306
311
314
318
323
328
330
334
338
341
346
350
354
355
360
363
364
369
373
374
379
380
382
385
386
391
395
398
399
404
405
409
414
416
418
419
423
426
427
431
434
439
444
448
450
455
459
460
462
463
468
471
476
479
481
484
486
488
493
495
500
502
507
512
514
519
524
526
528
532
537
540
545
549
551
554
558
559
560
563
565
569
572
577
580
582
585
588
591
596
600
604
609
612
615
618
622
624
629
632
633
635
636
640
643
647
650
655
660
663
665
670
671
673
677
682
685
689
692
695
696
699
700
702
703
704
705
710
715
716
720
725
728
729
730
731
736
739
741
746
747
749
752
757
759
760
763
765
767
768
769
771
772
775
776
780
785
789
794
796
797
800
801
805
807
811
813
815
818
821
824
827
831
834
835
836
840
841
846
851
856
861
866
868
870
871
876
879
883
888
890
891
896
899
904
905
908
910
911
912
913
914
918
921
926
930
934
937
939
944
948
949
951
955
959
960
963
968
972
977
978
982
986
987
988
989
991
995
1000
1003
1008
1010
1012
1015
1018
1022
1024
1026
1030
1033
1035
1036
1040
1043
1047
1052
1053
1054
1058
1063
1068
1069
1071
1074
1079
1083
1084
1086
1087
1089
1094
1098
1099
1102
1104
1109
1111
1114
1115
1116
1121
1122
1125
1128
1133
1137
1138
1140
1145
1146
1150
1151
1156
1159
1164
1166
1167
1168
1170
1174
1178
1180
1185
1187
1188
1192
1193
1198
1199
1203
1206
1208
1211
1215
1217
1220
1225
1229
1232
1233
1235
1238
1242
1243
1248
1250
1252
1257
1259
1263
1264
1269
1274
1279
1282
1285
1288
1289
1290
1291
1293
1296
1301
1305
1306
1307
1311
1314
1319
1321
1324
1325
1330
1335
1336
1337
1340
1342
1343
1345
1348
1350
1354
1356
1358
1360
1363
1368
1370
1373
1374
1378
1382
1383
1388
1391
1394
1398
1401
1402
1404
1408
1413
1415
1416
1418
1419
1421
1424
1428
1433
1438
1441
1444
1445
1448
1452
1457
1461
1465
1468
1470
1474
1478
1480
1484
1485
1489
1493
1495
1500
1503
1505
1507
1512
1514
1517
1521
1522
1527
1532
1534
1536
1541
1545
1548
1549
1550
1552
1554
1557
1560
1562
1567
1572
1576
1578
1579
1583
1588
1591
1595
1599
1601
1605
1610
1612
1617
1621
1625
1630
1633
1635
1637
1638
1643
1646
1649
1653
1657
1661
1663
1664
1665
1666
1667
1669
1671
1674
1677
1682
1684
1688
1692
1695
1700
1705
1709
1712
1717
1721
1724
1728
1729
1730
1734
1737
1740
1742
1747
1752
1755
1760
1762
1767
1769
1772
1777
1779
1780
1781
1785
1787
1791
1795
1799
1800
1804
1807
1812
1817
1820
1821
1824
1827
1828
1833
1836
1838
1839
1842
1843
1845
1849
1853
1858
1861
1865
1866
1871
1872
1876
1880
1882
1885
1886
1890
1895
1898
1900
1903
1906
1910
1913
1918
1919
1920
1925
1930
1933
1936
1939
1944
1949
1953
1956
1960
1961
1966
1968
1971
1972
1976
1977
1978
1982
1983
1988
1992
1994
1995
2000
2003
2005
2010
2013
2017
2020
2021
2022
2026
2027
2032
2037
2038
2039
2042
2044
2049
2054
2057
2061
2062
2067
2069
2070
2074
2079
2081
2083
2087
2091
2093
2095
2099
2101
2102
2103
2104
2106
2107
2110
2115
2120
2124
2128
2130
2132
2134
2136
2141
2145
2148
2149
2152
2155
2158
2160
2161
2164
2165
2170
2174
2176
2181
2183
2188
2190
2193
2198
2199
2202
2205
2208
2213
2214
2215
2217
2219
2224
2229
2234
2235
2239
2243
2246
2248
2249
2254
2255
2258
2260
2265
2266
2268
2269
2270
2271
2273
2277
2278
2281
2284
2285
2289
2294
2295
2296
2300
2305
2308
2312
2314
2317
2321
2325
2330
2333
2335
2340
2341
2344
2347
2350
2355
2359
2364
2365
2369
2371
2375
2378
2381
2385
2388
2391
2393
2397
2398
2403
2405
2410
2413
2416
2419
2422
2427
2429
2432
2436
2439
2442
2443
2447
2449
2451
2455
2460
2461
2462
2464
2469
2473
2475
2480
2485
2490
2491
2494
2499
2504
2507
2511
2513
2515
2519
2520
2523
2528
2529
2530
2535
2540
2543
2544
2547
2548
2551
2555
2556
2559
2564
2566
2568
2573
2574
2577
2581
2584
2586
2591
2593
2596
2601
2604
2606
2607
2610
2611
2614
2616
2617
2620
2621
2626
2627
2632
2634
2637
2639
2641
2645
2646
2649
2651
2655
2656
2659
2660
2664
2667
2670
2673
2678
2682
2684
2689
2694
2697
2699
2704
2709
2711
2712
2714
2718
2721
2724
2726
2730
2732
2736
2739
2741
2742
2745
2748
2751
2753
2757
2758
2760
2762
2765
2768
2771
2776
2780
2781
2786
2787
2792
2793
2796
2797
2799
2804
2807
2808
2810
2814
2816
2819
2824
2829
2832
2836
2838
2841
2845
2847
2849
2853
2856
2861
2862
2867
2872
2873
2874
2876
2877
2881
2882
2887
2892
2894
2898
2899
2904
2906
2909
2911
2915
2917
2920
2923
2925
2930
2935
2937
2940
2944
2945
2948
2951
2953
2955
2960
2965
2968
2970
2971
2972
2975
2979
2981
2983
2987
2991
2995
2997
3000
3005
3006
3009
3010
3014
