835
65
278
832
105
99
751
352
656
408
835
825
131
228
611
973
17
772
465
319
555
879
423
179
722
367
788
256
199
361
650
920
66
306
474
396
957
241
976
567
993
339
490
365
648
545
627
912
583
883
104
245
465
377
123
947
137
616
447
209
319
368
312
538
122
340
453
737
897
649
832
203
464
800
929
314
52
261
953
20
400
229
276
6
941
658
473
391
255
844
992
93
827
278
30
809
215
90
881
646
494
599
514
803
351
96
119
102
373
575
521
748
717
600
92
779
86
162
247
656
345
338
343
184
735
943
699
294
795
971
766
249
248
176
769
270
486
222
677
649
2
738
714
746
509
52
635
589
371
147
262
794
435
233
36
929
160
765
281
482
119
705
731
707
198
859
223
912
732
317
936
906
316
436
578
230
811
494
369
740
581
858
287
416
912
121
643
180
387
403
105
993
774
938
775
255
226
833
559
997
287
280
293
862
299
580
278
339
751
514
283
901
686
857
246
525
185
300
792
864
890
657
974
945
82
590
296
363
171
926
510
133
376
960
630
742
228
875
373
528
37
557
392
183
434
157
346
868
573
165
937
460
864
322
121
997
433
234
680
784
909
659
674
187
91
931
371
767
157
276
26
850
616
543
139
986
3
750
459
801
893
587
677
915
688
65
228
709
159
80
416
492
590
172
616
894
511
569
497
36
319
741
472
202
328
954
243
696
861
113
922
762
11
354
178
944
223
675
560
168
423
151
273
539
408
280
881
784
187
204
883
638
997
490
339
501
693
290
4
990
32
982
200
326
289
25
697
181
657
930
618
117
684
1
674
591
350
516
109
17
327
374
317
406
572
958
898
247
497
944
30
471
227
441
344
383
697
558
47
926
192
157
519
669
877
75
761
828
33
616
280
782
890
253
804
46
500
324
661
198
571
11
754
659
634
15
175
244
756
288
789
299
40
422
159
351
401
427
342
825
7
838
205
409
803
115
524
557
159
924
686
211
944
626
337
126
511
477
291
336
882
116
696
955
4
716
472
241
598
752
53
411
765
707
392
44
447
530
556
69
847
613
315
309
270
563
856
619
680
580
937
279
828
332
474
591
949
298
270
984
717
603
994
935
802
960
117
269
443
740
184
79
804
11
93
611
921
521
596
113
515
866
449
936
813
251
615
242
84
285
824
48
255
204
266
298
879
313
175
187
123
300
990
102
513
278
678
560
20
803
729
667
147
715
84
920
704
780
218
445
789
984
577
586
637
576
745
854
156
423
415
420
570
39
237
539
408
623
921
576
679
53
615
851
936
78
835
665
746
593
211
448
720
215
249
687
640
189
726
949
30
154
223
607
628
753
449
479
41
315
907
545
139
138
496
938
423
115
672
642
312
344
368
646
751
998
710
832
849
815
282
857
162
996
764
707
121
838
136
613
733
285
888
950
584
4
794
230
792
465
625
633
259
982
490
330
606
832
817
677
8
696
621
781
807
259
91
209
606
95
3
203
147
992
20
645
653
383
979
495
309
101
340
126
370
877
535
756
658
342
680
576
638
881
931
436
78
456
555
815
462
794
799
103
411
230
591
509
716
468
472
739
839
511
525
767
406
698
975
194
129
2
684
464
974
108
774
563
185
265
145
126
862
949
523
428
263
939
788
645
440
696
767
825
742
861
579
559
687
961
602
870
578
998
704
962
947
648
727
491
526
631
524
458
177
226
45
491
11
258
70
93
109
255
712
477
812
476
41
774
775
774
503
653
521
95
332
272
397
541
794
49
904
472
827
497
434
256
912
592
105
388
231
515
254
6
718
659
892
813
576
437
134
731
587
7
632
589
848
240
234
833
692
500
923
368
73
929
143
940
630
309
206
98
692
429
444
228
579
587
564
528
982
115
95
807
947
808
82
315
364
54
728
304
37
433
136
287
917
867
285
874
807
790
335
401
947
802
288
961
448
396
759
681
760
410
202
799
797
287
348
436
556
656
193
869
463
660
150
14
305
862
247
266
306
662
418
774
583
139
191
137
392
286
92
487
731
605
645
617
659
576
353
521
972
871
950
601
761
885
92
23
383
696
314
789
153
876
185
833
365
802
489
378
363
554
443
895
777
845
191
730
823
495
206
767
872
503
377
209
563
394
688
393
454
235
927
950
833
845
611
799
42
989
772
837
230
371
29
997
361
325
175
888
317
281
866
868
948
818
627
670
238
57
579
182
744
1
467
30
761
414
744
739
666
789
979
5
553
27
481
347
652
326
667
916
819
77
983
611
943
375
15
488
177
101
268
778
890
248
247
19
275
718
603
346
44
601
312
420
159
758
103
389
485
217
325
394
426
15
646
669
463
828
482
522
552
221
596
395
939
260
86
420
844
875
961
92
717
839
585
854
583
453
399
370
881
913
171
786
708
734
455
683
995
623
415
195
965
642
508
734
578
925
515
437
99
242
498
612
601
878
125
938
869
604
393
553
674
366
916
640
360
638
355
643
870
432
503
674
808
639
761
517
124
455
728
200
13
679
687
397
486
327
757
318
204
618
961
840
393
431
162
591
333
706
940
575
239
65
347
231
177
400
574
990
332
253
397
888
223
816
64
751
599
171
191
263
877
204
805
135
621
835
766
547
943
923
947
913
554
519
776
442
742
610
158
238
736
409
752
352
639
908
444
784
529
971
647
518
943
677
813
590
197
367
325
161
812
771
714
403
332
164
85
155
803
63
599
869
944
840
591
337
711
14
881
699
956
430
418
755
579
974
702
323
843
120
350
643
765
427
709
529
267
653
330
187
211
239
189
657
959
237
285
669
291
325
326
169
831
871
826
356
637
783
346
302
50
521
733
539
753
944
294
787
253
687
376
356
216
700
346
737
145
608
710
501
483
944
137
686
295
658
834
412
716
964
706
104
312
341
480
554
500
770
749
847
507
992
116
694
845
713
481
657
19
167
305
939
139
89
456
661
912
812
354
366
403
245
489
504
348
488
436
535
281
416
539
435
281
113
572
336
554
227
702
240
56
866
594
585
397
74
501
422
342
277
239
877
121
293
672
660
306
857
194
878
193
458
337
803
50
669
897
994
295
496
784
807
62
67
972
519
712
531
441
655
987
885
933
736
622
539
746
367
391
519
560
233
696
423
758
108
842
627
555
432
511
87
251
336
972
424
807
963
414
527
805
394
542
704
128
400
903
511
746
744
653
255
1
465
859
789
396
113
457
555
223
82
304
380
698
923
996
683
5
306
194
52
866
518
474
411
333
124
566
934
284
994
157
298
538
945
349
461
697
864
702
522
824
597
691
984
165
395
802
848
278
579
414
215
408
370
59
908
880
760
721
457
937
19
512
476
336
386
73
27
892
544
118
46
966
324
973
889
189
493
123
904
519
355
664
463
473
529
985
340
662
674
79
701
802
979
272
25
591
966
591
155
168
850
72
338
88
801
562
194
988
886
650
925
965
738
119
717
225
95
217
335
183
658
388
827
673
311
11
976
254
170
152
505
56
431
893
410
493
962
987
57
204
572
740
583
782
410
184
455
13
466
353
823
959
993
135
465
290
896
776
658
498
645
907
849
431
114
941
60
724
776
245
790
350
495
268
455
261
820
272
111
791
178
413
848
823
756
24
55
222
318
282
198
879
925
324
188
608
995
205
267
221
892
787
364
317
91
140
753
199
516
421
834
231
55
228
287
154
611
429
310
390
112
924
333
711
657
179
520
933
947
388
720
223
677
776
451
415
957
932
378
242
933
129
899
397
823
83
419
133
76
664
177
949
124
527
43
750
72
325
531
740
511
463
250
58
403
731
800
383
133
802
19
368
230
33
407
982
884
951
378
81
450
406
607
333
118
797
368
207
19
451
516
834
649
55
988
669
218
808
626
731
862
35
521
943
323
47
657
847
517
806
237
365
688
881
653
531
708
862
200
484
859
644
590
139
273
977
660
418
336
465
764
151
572
709
261
749
362
280
423
350
259
783
691
194
634
43
467
55
683
743
600
88
364
534
591
106
300
719
209
14
207
437
909
696
692
952
886
703
995
705
402
740
48
340
247
56
133
826
999
240
651
311
846
870
103
66
151
823
487
103
191
450
210
853
999
198
210
585
343
411
935
256
599
922
469
639
601
705
528
193
984
736
434
956
298
815
908
638
470
324
814
987
929
749
186
348
636
460
275
123
333
717
899
878
89
966
398
264
565
414
930
995
638
254
625
536
910
14
74
2
534
629
75
314
792
155
544
846
510
643
774
461
208
651
490
865
97
491
985
69
59
680
211
813
20
717
507
873
51
362
470
914
113
40
673
691
385
163
251
612
496
94
597
303
8
598
514
412
706
325
481
490
969
852
824
883
901
923
411
962
967
148
656
399
442
505
392
423
796
400
662
354
721
267
638
973
607
798
842
439
118
390
754
85
584
741
290
26
135
418
21
932
395
946
525
180
667
447
306
421
156
460
487
578
877
116
767
108
79
707
193
728
477
123
545
656
443
454
101
884
876
718
447
178
879
756
278
771
875
979
285
939
478
907
667
576
143
82
799
877
927
254
811
131
697
555
875
92
984
542
371
107
702
55
112
278
885
371
544
947
441
626
592
504
700
198
864
329
531
419
612
854
704
95
748
427
870
129
542
593
820
514
118
264
911
37
37
893
54
954
735
963
373
347
579
404
817
831
550
313
180
258
734
694
204
105
840
468
877
323
739
967
729
273
465
781
647
855
578
568
672
258
44
161
417
341
675
43
387
251
492
68
338
743
640
473
896
290
677
912
454
491
375
557
749
953
262
248
263
603
658
343
526
610
969
526
774
282
247
851
547
881
460
343
414
951
323
549
629
315
244
918
73
902
261
865
449
895
327
669
930
845
268
392
157
663
853
429
155
104
208
825
733
974
145
399
232
351
449
208
344
887
187
366
817
634
951
776
792
966
997
747
920
204
97
289
424
267
823
851
476
652
36
996
923
689
92
73
349
202
141
183
490
462
671
410
720
860
643
284
926
459
188
338
429
840
778
882
492
944
955
841
509
54
692
824
868
716
886
436
447
79
83
120
792
894
332
31
909
777
809
408
302
704
966
143
44
830
451
654
236
241
206
672
40
104
520
370
770
306
802
489
83
898
94
265
954
761
999
591
450
409
597
121
839
327
231
774
707
600
429
722
603
876
171
840
342
457
678
570
648
513
450
977
571
975
899
645
533
772
240
930
794
653
749
529
842
280
536
545
833
224
749
481
791
931
726
95
754
741
913
84
154
15
659
527
409
901
603
623
139
154
325
38
806
870
90
596
945
397
51
138
135
396
502
15
923
776
560
424
476
47
870
290
201
680
354
862
796
164
275
741
561
144
52
142
407
890
774
813
656
550
725
281
127
152
196
680
347
489
701
739
497
255
795
590
399
86
220
893
980
783
852
754
508
305
322
586
228
68
90
425
790
302
843
393
110
648
905
283
816
722
389
550
369
292
475
931
152
132
93
834
514
259
615
913
909
306
488
954
276
123
770
845
159
484
637
170
708
453
840
58
527
911
244
73
855
360
376
269
523
74
640
380
917
503
202
684
38
322
895
208
603
661
389
795
72
707
668
662
524
23
508
292
32
71
933
395
202
234
756
919
795
241
355
196
17
586
441
855
109
157
985
892
630
185
402
53
797
24
32
780
303
484
927
52
283
92
575
652
541
445
533
919
403
76
540
295
94
832
496
927
646
783
678
30
946
333
782
229
725
321
409
729
352
174
237
222
729
298
621
288
495
593
422
127
205
157
621
504
320
286
411
535
473
488
882
218
913
537
392
759
143
410
446
783
293
607
100
734
273
244
313
564
620
767
327
155
816
475
34
12
778
132
124
604
534
50
410
344
17
411
104
684
499
165
264
119
592
626
173
408
0
794
972
13
456
137
528
83
23
845
416
215
38
319
95
75
19
240
283
65
173
227
699
987
51
781
64
58
815
553
586
928
517
344
144
254
535
701
1
850
712
376
864
427
852
790
478
501
395
800
982
919
729
16
425
327
31
883
310
493
311
379
948
423
165
202
637
681
706
138
928
158
728
84
809
287
446
235
773
870
83
363
747
411
822
186
212
389
581
306
422
288
350
390
430
826
384
240
113
827
956
445
391
796
138
527
98
349
284
370
673
332
676
620
824
797
778
580
188
172
345
999
754
653
78
45
765
183
472
215
173
499
543
804
972
424
43
122
138
54
678
688
226
386
577
39
725
516
84
281
620
142
496
315
347
858
224
617
429
393
824
23
531
998
209
38
655
776
584
331
816
199
252
980
480
224
328
566
438
731
296
604
78
153
94
902
528
900
957
539
291
432
67
548
235
314
488
837
712
960
630
750
714
46
415
315
509
843
487
631
152
379
764
811
990
279
225
521
65
359
92
130
918
760
124
474
286
241
296
953
751
796
658
969
581
64
133
728
412
148
250
566
961
801
632
720
405
196
635
224
876
788
979
899
570
558
237
139
654
62
382
788
562
984
480
945
299
176
371
337
686
920
972
107
200
895
35
102
593
422
84
76
370
498
510
795
893
92
660
69
383
758
60
303
82
410
283
658
815
494
842
917
264
910
523
632
151
143
298
503
390
515
764
899
506
825
589
148
317
872
959
687
453
169
892
434
415
126
851
436
346
870
927
849
196
717
434
616
451
611
522
112
191
616
518
303
877
688
