0
4
9
13
17
20
25
29
34
35
39
41
42
43
44
46
50
54
58
62
64
65
66
67
69
73
76
80
83
87
88
90
93
97
101
106
109
110
111
115
117
122
127
132
134
136
141
142
147
150
154
157
160
163
168
170
174
176
180
185
187
188
192
195
196
198
202
207
209
211
216
218
221
222
225
230
231
234
235
239
243
244
249
252
256
260
262
265
268
270
275
279
282
284
285
288
293
296
297
301
306
308
310
315
319
322
325
328
329
332
335
340
341
344
345
350
353
358
361
363
365
367
369
373
376
377
382
383
384
389
391
392
395
400
401
402
406
410
415
418
421
423
428
430
431
432
433
436
438
443
444
446
448
450
451
452
454
459
462
464
467
472
477
480
481
486
491
493
496
497
498
503
504
505
508
509
512
514
518
520
522
526
529
530
533
535
539
541
545
546
551
554
557
562
567
568
571
573
576
579
584
589
593
594
598
599
603
606
611
616
617
618
621
623
628
629
631
635
639
642
646
651
655
660
664
665
670
671
675
677
681
682
685
690
691
696
701
703
707
711
715
717
721
723
724
728
729
733
737
741
745
746
751
754
756
761
763
766
769
773
776
778
782
786
790
792
793
794
795
796
801
804
808
812
814
818
820
823
825
830
834
836
837
839
843
848
850
855
856
858
863
867
870
875
877
882
884
885
886
887
888
890
894
895
896
901
904
906
908
911
912
914
919
920
924
925
927
930
934
937
939
944
945
950
951
952
955
957
958
962
963
965
968
973
977
978
982
984
988
991
992
995
1000
1001
1003
1008
1010
1011
1016
1018
1022
1023
1025
1027
1032
1034
1037
1039
1041
1044
1046
1051
1056
1061
1063
1066
1068
1071
1073
1078
1083
1084
1086
1089
1091
1093
1094
1096
1100
1105
1109
1113
1116
1120
1121
1122
1123
1126
1131
1135
1139
1144
1145
1149
1150
1155
1158
1163
1167
1169
1172
1176
1178
1183
1187
1191
1195
1200
1204
1205
1206
1207
1210
1211
1216
1218
1221
1223
1228
1231
1235
1239
1244
1245
1249
1250
1254
1258
1259
1264
1269
1274
1279
1284
1289
1292
1293
1297
1302
1305
1307
1308
1311
1316
1321
1322
1325
1330
1334
1339
1343
1344
1345
1347
1350
1351
1355
1358
1362
1366
1367
1368
1369
1371
1375
1379
1383
1384
1388
1389
1392
1394
1396
1397
1399
1403
1408
1412
1414
1415
1419
1420
1421
1424
1425
1426
1431
1436
1438
1440
1441
1444
1447
1451
1454
1459
1463
1468
1472
1475
1478
1483
1486
1491
1494
1496
1497
1498
1502
1503
1505
1509
1514
1517
1520
1523
1524
1525
1527
1528
1533
1534
1539
1542
1544
1549
1552
1556
1559
1560
1562
1567
1572
1575
1579
1580
1581
1585
1590
1591
1594
1595
1596
1599
1604
1605
1610
1615
1617
1620
1621
1622
1624
1625
1626
1627
1631
1636
1640
1645
1648
1650
1652
1656
1659
1663
1667
1670
1674
1676
1681
1685
1687
1692
1697
1698
1701
1705
1706
1711
1713
1716
1721
1723
1728
1730
1731
1732
1733
1734
1738
1741
1744
1748
1750
1752
1755
1757
1762
1764
1766
1771
1774
1776
1781
1784
1785
1786
1791
1793
1795
1799
1801
1802
1804
1807
1810
1812
1816
1819
1820
1825
1829
1830
1835
1837
1839
1840
1845
1850
1852
1854
1859
1860
1865
1866
1868
1871
1874
1875
1878
1883
1885
1889
1894
1898
1902
1903
1908
1913
1917
1921
1923
1924
1926
1928
1930
1935
1939
1943
1948
1950
1951
1952
1954
1957
1958
1959
1962
1965
1969
1973
1976
1977
1981
1982
1986
1989
1993
1997
1998
2003
2004
2009
2013
2017
2022
2027
2030
2033
2034
2038
2039
2040
2045
2048
2049
2051
2055
2059
2064
2068
2073
2076
2081
2082
2084
2085
2088
2092
2096
2101
2105
2106
2107
2108
2112
2117
2118
2121
2126
2128
2130
2134
2137
2140
2144
2145
2148
2151
2156
2161
2163
2165
2167
2169
2172
2174
2177
2180
2182
2187
2189
2192
2193
2196
2198
2203
2204
2209
2212
2217
2218
2223
2228
2230
2231
2236
2237
2238
2240
2244
2248
2250
2255
2257
2258
2261
2264
2265
2268
2269
2272
2275
2277
2280
2284
2286
2289
2291
2296
2297
2298
2299
2303
2307
2308
2310
2312
2315
2316
2318
2321
2323
2324
2328
2331
2336
2337
2339
2344
2347
2349
2354
2355
2360
2363
2367
2371
2375
2378
2383
2385
2388
2392
2395
2396
2401
2402
2404
2406
2408
2409
2414
2418
2419
2421
2426
2430
2434
2436
2439
2444
2448
2451
2454
2459
2461
2463
2465
2467
2469
2471
2472
2475
2479
2480
2482
2486
2491
2495
2500
2503
2508
2510
2511
2516
2520
2523
2524
2527
2532
2537
2542
2543
2547
2550
2551
2554
2559
2560
2562
2567
2570
2572
2574
2575
2579
2583
2587
2592
2594
2595
2600
2605
2607
2609
2614
2616
2618
2620
2621
2622
2623
2626
2630
2631
2632
2636
2638
2642
2645
2646
2648
2649
2654
2657
2661
2662
2664
2666
2667
2670
2675
2677
2682
2683
2685
2687
2690
2692
2696
2699
2702
2703
2707
2709
2713
2715
2716
2717
2722
2726
2728
2732
2736
2738
2742
2747
2750
2754
2759
2762
2765
2770
2774
2777
2778
2781
2783
2785
2787
2788
2790
2795
2798
2801
2805
2807
2809
2814
2815
2816
2820
2824
2827
2829
2833
2834
2837
2840
2842
2847
2851
2856
2858
2859
2860
2863
2867
2868
2869
2873
2878
2880
2885
2888
2889
2891
2893
2895
2899
2904
2907
2909
2913
2918
2919
2924
2927
2931
