769
474
537
600
680
973
582
843
509
228
392
297
336
966
913
139
787
531
393
979
147
849
802
46
413
167
11
704
627
678
546
6
873
234
617
939
954
257
445
538
977
266
476
101
116
631
653
396
666
17
991
333
619
231
625
990
211
929
94
550
186
242
77
324
361
796
814
912
784
313
180
979
286
702
971
143
202
82
193
331
326
425
876
13
667
223
196
451
53
265
256
837
930
369
909
541
964
784
419
338
804
501
531
179
912
407
371
931
813
128
883
264
936
881
81
125
811
494
72
771
388
907
72
808
229
661
364
841
487
277
248
208
231
671
688
287
513
520
946
879
905
374
676
762
584
186
304
182
767
311
132
799
761
407
321
991
681
362
809
875
841
173
443
78
817
632
106
931
42
470
81
237
399
536
721
206
482
344
156
377
518
118
50
745
891
918
126
348
295
400
579
529
849
49
610
638
362
961
360
648
886
345
350
547
74
666
965
700
367
235
826
583
535
390
53
416
239
378
664
92
978
661
626
999
971
349
447
922
113
887
165
890
992
58
818
264
871
391
58
417
799
386
222
12
359
336
806
382
844
904
84
146
559
781
969
599
787
770
467
147
526
921
916
307
137
672
711
496
634
303
742
830
646
914
11
145
825
668
147
391
269
213
782
153
704
629
363
119
615
35
464
43
767
647
784
562
281
739
497
949
241
757
806
290
538
994
500
369
709
336
745
450
800
140
567
278
915
414
829
614
695
568
996
807
704
106
511
491
604
382
381
882
660
87
757
887
897
571
807
527
68
941
34
236
497
985
395
443
709
65
314
799
315
616
681
276
534
505
33
744
283
410
903
248
752
916
92
504
855
899
409
872
608
826
274
625
243
306
892
519
840
905
31
845
188
793
998
41
72
102
957
547
637
976
712
46
673
224
7
299
849
542
507
414
826
319
730
24
859
773
209
565
197
874
979
211
616
187
752
14
425
238
725
439
877
619
946
33
133
704
157
563
930
817
480
437
43
648
83
428
835
836
224
613
385
620
690
497
310
771
804
695
938
400
145
963
378
88
566
525
21
173
45
361
233
596
585
847
557
889
54
576
211
345
501
647
596
962
240
326
159
536
121
558
454
166
167
752
955
104
599
661
840
715
392
22
278
639
779
563
728
952
155
355
314
943
284
435
90
602
257
354
520
305
456
497
902
89
925
368
880
645
499
560
823
715
282
30
814
78
419
290
773
162
226
430
248
928
873
338
169
58
50
795
557
355
95
419
626
996
792
918
74
338
716
914
463
879
246
850
526
75
79
695
874
745
21
47
18
377
113
800
955
91
253
884
523
377
285
445
199
676
340
923
82
801
954
513
180
3
201
402
612
930
938
82
893
169
196
859
925
690
72
889
101
751
376
981
664
935
177
674
180
620
21
232
951
872
661
34
830
721
665
932
925
5
665
458
768
749
749
12
37
942
38
475
658
409
242
181
904
215
751
86
288
674
221
359
578
376
36
496
219
871
984
236
635
927
843
754
721
163
231
797
487
469
926
757
600
29
551
556
758
945
606
241
204
226
756
191
383
259
756
774
603
924
479
825
236
495
969
876
872
475
246
420
488
941
149
66
341
923
432
182
804
836
956
846
203
325
57
913
904
541
781
765
308
12
80
712
852
373
270
71
555
193
855
727
660
119
35
317
268
975
325
899
907
582
792
363
557
400
569
832
899
773
206
43
629
668
236
303
315
496
774
351
443
947
437
296
846
696
638
788
241
196
76
725
327
891
440
286
460
875
748
190
889
865
684
813
809
11
687
650
958
198
498
667
223
36
910
506
197
418
424
167
614
764
156
981
976
146
449
477
158
165
160
576
798
427
377
650
543
509
19
837
279
261
798
358
562
383
896
330
394
779
233
552
397
64
548
774
55
504
755
950
264
321
981
544
628
342
338
821
257
692
505
961
899
801
804
551
945
868
229
995
982
901
499
851
643
354
976
153
592
391
201
536
948
706
909
606
712
104
762
401
844
977
178
476
268
703
471
622
799
872
381
369
225
113
762
76
673
323
34
779
353
532
197
778
756
376
630
644
56
618
561
208
942
658
520
42
28
634
457
307
491
44
640
397
794
947
924
527
323
554
319
887
521
448
729
131
743
658
615
53
818
249
861
908
118
304
606
702
752
529
649
57
324
169
995
470
690
271
771
415
366
430
981
835
582
696
1
842
40
146
230
200
112
201
426
169
9
690
872
733
508
455
275
821
286
184
154
910
88
912
930
209
76
207
966
629
957
830
384
247
708
290
929
23
793
527
68
557
166
604
287
515
151
457
81
18
163
226
491
183
208
321
919
29
665
97
594
472
107
352
527
518
304
157
647
966
889
985
751
211
70
242
394
563
438
945
331
887
259
712
366
960
893
201
582
25
505
24
312
450
201
43
391
254
462
546
0
444
666
882
407
122
666
627
384
587
250
629
140
655
645
923
958
333
511
376
225
816
982
362
983
484
176
1
583
351
192
601
26
337
917
276
58
460
974
736
13
839
877
798
417
693
456
115
940
584
11
519
468
473
446
582
810
210
773
23
751
111
757
194
180
948
330
365
116
111
876
226
114
695
125
683
681
156
961
615
677
825
744
200
496
983
605
530
553
953
174
919
70
93
298
216
462
911
685
75
302
388
333
269
510
220
213
203
818
733
218
724
687
643
109
382
736
598
295
221
510
980
937
50
325
289
743
246
7
957
220
166
683
252
902
763
291
647
752
29
846
511
141
490
474
450
427
524
104
260
847
506
119
815
329
731
581
752
846
751
956
976
781
802
113
295
923
603
769
382
548
486
661
334
132
144
931
824
825
907
758
534
753
982
709
418
149
531
159
72
280
150
926
698
355
184
41
948
537
879
668
363
661
121
547
456
832
766
603
606
916
117
340
621
398
842
676
541
861
252
589
161
127
393
842
54
45
601
771
785
538
388
428
806
875
498
295
341
972
882
238
185
486
346
935
306
52
148
145
97
816
175
587
884
645
624
425
283
322
134
347
970
475
942
709
275
195
454
825
130
761
534
261
62
77
161
159
17
156
494
373
130
873
264
225
91
609
152
236
998
699
691
830
804
716
65
155
700
668
864
65
367
358
439
840
555
456
236
133
547
652
699
434
3
125
179
581
281
272
699
779
701
194
448
410
865
279
656
579
961
320
417
909
620
107
624
368
627
119
371
158
652
430
702
562
403
10
668
307
947
428
884
389
556
366
817
986
475
276
844
590
541
368
545
531
422
445
177
146
845
682
145
882
918
24
390
781
292
376
569
338
805
91
280
984
840
529
262
778
709
792
925
637
731
782
965
469
806
944
548
721
588
330
509
615
135
600
608
584
628
114
244
63
244
855
169
469
844
20
979
217
785
805
785
334
879
610
209
883
577
835
825
305
805
886
168
355
652
220
904
197
122
38
336
279
823
158
548
985
783
769
619
739
39
897
925
947
407
654
427
831
999
28
198
418
421
593
909
142
246
4
161
544
900
199
935
82
860
96
620
751
914
31
934
699
315
464
841
351
615
327
612
469
859
551
372
676
272
875
422
309
870
444
411
973
710
908
623
494
223
439
308
142
302
755
456
966
752
203
338
846
962
655
424
965
215
761
626
932
773
840
267
415
954
724
257
711
135
458
453
211
723
791
569
106
345
842
316
561
801
539
734
900
312
926
931
342
584
886
965
495
100
305
297
516
20
697
860
941
211
350
879
200
308
739
560
404
164
335
506
195
573
160
68
53
612
374
166
242
216
454
371
17
952
73
152
225
891
462
647
978
983
484
922
760
82
814
46
703
213
536
781
104
504
121
578
370
657
155
901
969
548
122
531
784
44
545
769
359
524
824
89
121
222
225
966
699
471
657
129
164
382
133
742
433
814
218
606
90
474
551
56
114
279
250
358
301
256
722
737
531
119
664
164
401
98
215
668
993
783
435
548
609
451
459
124
425
738
726
448
27
466
815
203
346
170
322
10
723
460
291
128
764
464
263
365
872
602
816
183
292
609
18
819
45
285
766
146
488
669
162
474
237
287
126
767
242
993
31
710
903
396
87
457
48
960
189
219
911
504
733
344
141
858
967
462
95
254
976
183
969
405
31
308
373
747
182
728
142
918
366
505
434
566
345
542
807
149
747
848
282
169
928
259
588
109
688
814
835
308
108
202
613
424
147
203
74
900
119
617
991
118
807
641
441
921
701
912
685
374
197
500
564
160
587
874
637
373
840
706
448
826
417
169
959
528
401
449
454
338
310
64
860
639
628
245
652
26
289
547
399
129
199
222
616
375
953
334
314
31
87
832
430
143
494
3
474
600
824
784
202
683
896
801
119
770
379
273
180
693
305
785
137
809
215
842
635
515
587
661
371
76
407
848
973
400
444
826
419
290
205
470
350
36
900
603
472
94
665
609
552
695
214
418
547
642
395
967
930
763
756
53
313
213
876
915
966
951
754
907
578
572
686
476
733
575
503
685
33
869
652
315
416
71
786
821
351
697
299
266
664
372
530
951
843
82
989
558
74
45
601
520
286
314
389
290
359
706
700
145
528
496
225
114
241
487
772
497
967
931
427
437
853
483
90
782
3
97
744
19
726
77
779
601
605
215
183
564
424
403
139
193
868
70
305
912
825
2
495
83
57
240
783
696
179
649
137
130
672
81
16
96
724
997
863
613
217
286
522
198
763
552
510
635
102
89
563
798
478
448
758
608
899
41
878
117
687
333
652
444
589
319
817
704
334
75
844
357
855
947
771
97
249
897
825
149
255
250
416
486
103
713
701
107
672
49
477
841
811
562
181
7
388
306
366
159
756
760
653
611
969
866
572
219
292
674
66
134
369
183
210
288
216
772
223
692
858
882
410
638
195
482
643
806
446
25
727
17
19
691
795
825
371
360
295
649
992
420
470
112
328
450
874
440
884
83
876
687
529
767
898
786
778
767
292
480
926
588
129
8
599
838
472
288
682
80
566
164
995
45
372
944
511
886
657
718
653
10
485
84
950
355
310
193
134
198
834
232
600
150
430
595
107
844
480
723
306
732
413
311
423
327
374
763
36
681
227
231
413
815
680
603
965
199
586
43
905
6
600
312
850
13
740
788
67
514
888
101
922
681
505
94
725
774
681
885
880
471
275
478
745
568
142
581
687
722
243
107
484
560
406
241
861
336
939
462
620
871
852
582
171
551
1
224
471
143
405
614
127
317
363
693
230
151
471
12
363
159
951
622
466
321
775
401
254
304
845
341
180
955
307
516
881
210
111
661
935
186
24
94
620
413
438
742
541
586
147
432
271
773
979
451
543
596
425
158
536
956
823
844
918
336
464
338
255
80
995
19
142
451
120
565
100
368
643
479
420
613
763
957
569
132
416
427
402
244
741
558
499
173
297
192
696
239
816
571
916
579
4
184
332
299
641
539
882
307
661
176
412
257
970
108
443
524
406
220
997
983
154
554
305
679
569
35
901
321
895
193
555
852
568
197
264
826
587
934
262
692
249
35
690
423
196
139
80
875
649
910
999
916
320
798
461
819
443
368
930
269
869
449
332
699
367
290
283
486
871
361
103
872
624
775
892
422
705
96
18
93
465
300
652
169
622
454
501
505
220
140
11
915
234
361
18
337
473
234
229
511
545
960
305
990
425
704
429
127
883
980
550
388
201
529
564
63
796
425
166
256
114
842
696
887
706
982
666
287
422
245
478
224
724
108
704
59
905
123
729
469
877
619
315
44
430
35
70
126
128
108
706
748
480
237
993
311
69
820
922
773
880
31
355
852
893
472
209
125
700
991
122
117
787
251
846
45
325
635
670
449
739
810
723
513
197
397
49
396
642
131
203
608
920
194
43
663
646
241
691
918
785
589
775
479
680
554
627
441
24
153
18
284
58
222
331
718
374
432
979
25
63
943
94
884
999
565
480
462
211
584
904
737
94
957
152
179
619
835
948
561
732
669
757
755
52
979
443
978
368
206
914
200
477
784
572
64
666
374
248
171
553
6
853
556
937
225
501
46
850
451
664
293
643
946
909
566
614
387
539
803
577
557
825
728
731
87
936
600
655
226
508
272
511
359
527
4
463
522
761
937
728
819
619
622
569
800
746
883
992
742
999
272
507
670
218
745
663
575
185
945
617
234
402
226
21
795
198
541
455
798
683
969
778
798
719
50
741
186
228
849
803
34
748
722
652
335
440
561
851
709
696
414
503
212
638
534
416
452
466
109
346
652
832
501
492
536
593
306
540
928
980
841
632
902
680
950
505
183
143
49
937
654
399
0
382
184
883
933
768
526
426
806
561
647
545
828
550
226
407
761
293
902
694
813
888
700
190
52
572
728
808
661
709
579
187
243
993
239
992
594
419
894
549
301
934
203
889
16
421
590
61
994
131
141
583
802
293
341
781
818
686
57
776
476
573
949
226
883
572
768
446
541
404
954
398
841
334
249
627
355
408
628
590
582
659
410
232
788
810
902
240
174
564
930
396
518
681
966
15
722
994
158
754
603
344
537
62
29
88
632
432
327
471
219
257
737
809
305
271
651
429
405
564
567
749
13
164
394
894
193
586
994
19
673
842
282
490
573
872
230
168
364
597
639
517
734
882
487
799
681
325
27
234
859
428
982
491
101
907
715
138
470
815
187
765
11
282
752
553
657
41
792
808
74
486
101
241
153
956
513
58
395
57
402
257
941
341
620
761
725
139
734
707
284
543
291
29
885
374
387
682
875
772
