0
2
7
11
16
21
24
27
28
33
36
38
40
41
46
51
53
55
57
62
63
66
70
73
76
77
81
86
87
88
93
95
98
103
104
108
112
117
120
124
126
131
135
137
140
142
144
149
151
154
159
160
163
168
171
176
177
179
184
187
190
195
199
200
205
206
211
212
217
220
221
224
227
229
232
233
236
237
238
239
243
244
246
249
251
254
258
259
263
264
268
272
277
280
282
283
286
290
292
293
294
296
300
302
303
304
309
314
317
322
326
331
332
333
335
340
342
343
347
350
355
359
363
364
366
369
374
376
381
386
391
392
396
401
403
404
409
413
416
420
422
427
428
430
432
433
437
442
447
452
455
456
459
460
463
468
470
471
473
476
480
482
486
491
493
498
499
503
508
510
513
515
518
523
524
527
528
529
530
532
536
541
545
546
547
549
553
558
560
565
570
575
579
581
584
588
590
595
598
599
603
606
609
612
615
620
623
624
627
630
631
635
637
640
645
648
650
654
658
660
663
666
668
669
673
676
680
681
682
685
686
688
691
694
696
700
703
707
708
711
714
717
722
727
731
734
739
742
747
751
756
757
762
766
767
770
772
775
776
777
779
780
782
785
787
792
794
796
798
801
805
809
810
813
817
820
821
824
829
830
832
836
841
846
847
850
855
859
862
863
864
865
870
875
876
877
879
884
888
890
891
895
896
898
903
904
908
909
914
916
918
921
926
929
934
939
940
943
947
949
953
958
960
965
966
968
972
975
978
983
985
988
993
997
998
1001
1006
1010
1013
1014
1019
1022
1025
1027
1028
1031
1032
1034
1039
1040
1045
1048
1053
1055
1059
1064
1067
1070
1075
1078
1080
1085
1090
1094
1098
1101
1102
1103
1108
1109
1112
1115
1119
1120
1123
1128
1132
1135
1138
1142
1145
1148
1150
1155
1158
1161
1162
1166
1167
1168
1170
1175
1179
1184
1186
1187
1191
1195
1200
1204
1205
1210
1212
1215
1216
1217
1221
1226
1231
1232
1234
1236
1241
1246
1247
1248
1252
1254
1258
1260
1265
1267
1269
1273
1278
1280
1284
1286
1289
1290
1292
1297
1298
1300
1305
1308
1313
1317
1320
1325
1328
1333
1336
1340
1343
1345
1346
1349
1354
1356
1360
1361
1366
1367
1372
1376
1381
1386
1389
1393
1396
1399
1403
1406
1408
1411
1414
1417
1421
1422
1423
1424
1428
1431
1432
1437
1441
1446
1447
1449
1454
1456
1460
1464
1469
1472
1476
1480
1483
1488
1492
1495
1496
1497
1498
1499
1500
1503
1508
1511
1512
1515
1517
1519
1522
1524
1526
1527
1530
1533
1534
1538
1541
1546
1550
1554
1557
1559
1561
1563
1568
1573
1576
1577
1582
1586
1588
1591
1593
1595
1597
1601
1605
1607
1612
1617
1621
1623
1626
1631
1632
1635
1637
1640
1644
1649
1651
1653
1657
1659
1661
1663
1666
1668
1671
1672
1675
1677
1681
1683
1684
1688
1689
1693
1695
1698
1701
1703
1706
1707
1709
1710
1711
1712
1713
1714
1717
1720
1723
1728
1731
1735
1736
1741
1745
1750
1752
1757
1762
1764
1766
1771
1774
1777
1781
1784
1786
1791
1792
1795
1800
1801
1804
1807
1810
1813
1814
1815
1816
1817
1819
1822
1826
1827
1830
1834
1838
1842
1845
1847
1850
1855
1856
1859
1863
1865
1866
1867
1869
1873
1878
1879
1884
1886
1889
1893
1894
1896
1898
1901
1903
1904
1907
1908
1913
1917
1918
1920
1921
1923
1928
1933
1934
1935
1936
1941
1944
1948
1951
1953
1957
1961
1963
1965
1968
1969
1974
1978
1983
1985
1989
1993
1998
2003
2005
2007
2010
2014
2019
2023
2028
2029
2031
2032
2036
2039
2040
2044
2047
2050
2055
2060
2063
2064
2066
2070
2075
2076
2079
2082
2087
2092
2094
2097
2102
2106
2110
2114
2119
2123
2126
2129
2130
2132
2136
2141
2146
2150
2153
2155
2156
2161
2165
2166
2171
2173
2174
2175
2176
2181
2185
2186
2188
2191
2192
2194
2199
2203
2205
2209
2210
2215
2217
2218
2222
2223
2226
2229
2231
2235
2236
2240
2244
2246
2250
2252
2255
2257
2259
2261
2265
2266
2270
2272
2275
2277
2280
2283
2288
2290
2291
2296
2301
2302
2306
2309
2310
2312
2315
2317
2322
2323
2327
2329
2330
2334
2335
2337
2340
2341
2346
2349
2351
2354
2356
2358
2363
2367
2372
2376
2377
2379
2380
2383
2387
2392
2397
2400
2404
2406
2407
2411
2416
2419
2423
2428
2431
2435
2436
2440
2441
2443
2447
2448
2453
2456
2457
2462
2467
2469
2471
2475
2479
2480
2485
2488
2493
2497
2501
2506
2509
2513
2516
2520
2524
2528
2531
2536
2541
2544
2545
2550
2554
2557
2559
2564
2565
2570
2574
2576
2578
2581
2585
2586
2587
2590
2594
2595
2599
2600
2602
2605
2606
2611
2614
2619
2622
2624
2627
2632
2636
2641
2644
2648
2652
2653
2658
2662
2665
2670
2674
2678
2679
2682
2685
2687
2688
2689
2691
2694
2698
2700
2703
2705
2707
2711
2716
2719
2721
2726
2728
2732
2735
2738
2742
2745
2750
2753
2758
2759
2760
2762
2765
2769
2771
2773
2778
2782
2787
2790
2795
2797
2802
2805
2806
2810
2815
2817
2821
2822
2826
2829
2830
2833
2836
2837
2840
2841
2845
2847
2850
2851
2852
2857
2860
2861
2864
2866
2867
2868
2869
2870
2871
2875
2876
2877
2878
2880
2885
2887
2891
2893
2895
2896
2899
2900
2901
2904
2905
2907
2908
2910
2914
2915
2920
2923
2926
2929
2934
2937
2938
2939
2942
2943
2944
2949
2950
2955
2957
2960
2963
