0
1
4
9
11
14
16
19
21
23
27
31
32
36
39
41
46
47
48
50
53
54
57
58
61
66
71
73
74
77
82
85
88
90
93
95
100
102
105
109
113
114
117
122
126
127
129
132
134
138
141
142
145
148
151
153
156
161
164
167
168
171
174
177
181
183
188
191
194
195
200
201
202
207
210
212
214
216
218
222
225
226
227
228
231
234
239
244
245
248
250
252
255
258
261
265
270
272
275
280
283
286
289
291
294
299
304
308
309
314
317
318
320
321
323
327
332
335
336
337
342
347
351
355
356
359
363
367
369
373
374
376
377
380
383
386
391
395
396
399
403
405
407
408
411
413
415
419
422
423
426
428
429
434
438
443
446
451
453
458
461
462
465
467
472
475
480
482
484
488
491
492
496
501
504
508
512
516
521
522
527
528
529
530
534
535
540
543
545
547
548
553
554
558
563
567
569
572
573
577
581
583
585
590
593
598
603
605
608
612
617
620
625
626
630
633
634
638
640
641
643
647
649
651
654
659
661
662
663
667
672
677
678
682
685
687
688
690
692
696
700
704
708
713
716
718
719
723
727
730
733
734
737
742
746
748
753
756
758
760
761
765
770
775
780
785
788
789
790
793
795
798
803
808
812
814
818
823
825
829
833
835
836
840
845
850
852
855
856
861
862
867
870
871
874
879
881
884
888
890
895
896
897
898
899
900
902
907
908
912
915
918
923
924
927
931
935
938
939
943
947
952
955
958
960
963
965
966
969
971
975
980
981
983
987
992
995
999
1004
1009
1013
1016
1020
1021
1026
1028
1029
1030
1034
1036
1037
1040
1043
1048
1052
1055
1057
1062
1067
1071
1076
1077
1078
1083
1085
1089
1091
1093
1096
1099
1102
1104
1106
1108
1110
1114
1115
1118
1123
1126
1129
1134
1139
1143
1145
1146
1150
1153
1155
1157
1160
1165
1166
1170
1172
1174
1178
1181
1185
1187
1188
1189
1192
1195
1200
1203
1205
1210
1212
1217
1219
1220
1224
1225
1227
1231
1235
1238
1243
1245
1250
1255
1260
1265
1268
1272
1276
1278
1282
1287
1290
1294
1297
1299
1303
1306
1311
1314
1315
1320
1321
1326
1328
1331
1332
1334
1336
1341
1345
1349
1352
1354
1358
1363
1367
1368
1372
1373
1374
1378
1382
1384
1389
1391
1392
1394
1397
1398
1402
1405
1406
1411
1413
1417
1421
1423
1427
1432
1435
1437
1438
1442
1443
1446
1449
1451
1453
1455
1456
1458
1462
1463
1468
1471
1472
1475
1480
1482
1486
1490
1491
1492
1496
1498
1501
1504
1505
1508
1513
1515
1517
1520
1522
1524
1527
1529
1530
1532
1537
1541
1542
1543
1544
1549
1552
1553
1556
1558
1561
1563
1568
1573
1577
1581
1585
1588
1590
1591
1596
1601
1606
1609
1611
1616
1617
1620
1624
1625
1629
1633
1634
1638
1641
1643
1648
1649
1652
1653
1655
1659
1660
1663
1665
1668
1670
1673
1677
1682
1685
1687
1688
1689
1692
1696
1699
1704
1707
1710
1714
1716
1719
1724
1727
1730
1733
1738
1739
1740
1742
1745
1750
1753
1754
1758
1759
1760
1761
1763
1767
1772
1776
1780
1784
1788
1793
1795
1796
1799
1802
1804
1809
1814
1817
1818
1823
1828
1831
1836
1839
1843
1844
1848
1851
1856
1859
1864
1865
1867
1869
1874
1879
1881
1885
1890
1895
1899
1900
1905
1908
1909
1912
1915
1916
1917
1919
1922
1923
1926
1928
1933
1937
1941
1942
1946
1949
1951
1952
1953
1955
1957
1960
1961
1963
1965
1966
1971
1974
1979
1982
1985
1989
1991
1995
1996
2000
2002
2003
2008
2010
2013
2014
2017
2022
2025
2029
2032
2034
2036
2041
2045
2050
2055
2058
2062
2063
2066
2067
2068
2069
2074
2078
2081
2082
2083
2086
2090
2094
2097
2101
2103
2106
2111
2114
2115
2118
2122
2125
2126
2129
2134
2138
2141
2142
2143
2148
2153
2158
2161
2164
2168
2170
2173
2174
2176
2180
2185
2186
2188
2189
2192
2194
2197
2198
2202
2207
2212
2217
2222
2225
2228
2230
2235
2240
2241
2246
2247
2248
2250
2253
2257
2259
2263
2268
2273
2274
2278
2280
2283
2284
2285
2289
2294
2296
2299
2302
2306
2307
2312
2313
2314
2316
2317
2320
2322
2324
2325
2328
2333
2336
2339
2340
2342
2345
2349
2353
2355
2359
2364
2365
2369
2371
2375
2376
2377
2380
2385
2390
2395
2397
2401
2403
2408
2409
2412
2414
2415
2420
2423
2425
2426
2430
2431
2434
2437
2438
2439
2443
2444
2446
2450
2454
2456
2460
2461
2466
2470
2473
2474
2476
2481
2486
2488
2492
2497
2501
2506
2508
2511
2515
2518
2522
2525
2530
2532
2533
2537
2541
2544
2547
2551
2555
2558
2562
2565
2567
2571
2573
2578
2580
2583
2588
2589
2594
2596
2599
2602
2605
2607
2611
2612
2615
2616
2617
2622
2625
2629
2633
2638
2640
2644
2646
2651
2653
2658
2663
2665
2667
2672
2677
2681
2685
2688
2691
2696
2698
2702
2705
2710
2713
2718
2722
2725
2729
2731
2735
2737
2740
2743
2746
2748
2750
2752
2754
2758
2759
2760
2763
2765
2770
2772
2775
2780
2782
2784
2788
2789
2792
2793
2798
2800
2805
2807
2809
2810
2812
2816
2821
2826
2827
2829
2830
2835
2839
2842
2847
2848
2852
2853
2855
2856
2860
2861
2864
2867
2868
2873
2877
2878
2881
2883
2887
2891
2893
2894
2897
2899
2901
2903
2906
2907
2912
2915
2916
2917
2920
2923
2927
2932
2933
2935
2936
2938
2940
2942
2946
2949
2952
2954
2956
2961
2965
2968
2971
2973
2975
2978
2981
2984
2988
2991
2994
2997
2999
3004
3005
3008
3011
3012
3016
3019
3024
3029
3033
3035
3037
3038
3040
3045
3048
3053
3055
3059
3063
3068
3070
3073
3077
3082
3085
3087
3088
3090
3094
3095
3100
3103
3107
3108
3109
3112
3114
3115
3120
3125
3129
3130
3135
3139
3142
3147
3149
3151
3152
3156
3159
3160
3165
3168
3173
3176
3177
3181
3182
3184
3189
3193
3195
3196
3198
3200
3204
3205
3210
3214
3218
3222
3226
3228
3230
3231
3233
3235
3240
3242
3246
3249
3251
3253
3255
3257
3258
3259
3260
3263
3268
3270
3275
3279
3282
3285
3289
3292
3297
3298
3299
3301
3302
3305
3310
3311
3312
3314
3319
3320
3324
3325
3326
3327
3331
3334
3336
3338
3340
3344
3345
3350
3355
3357
3361
3366
3371
3375
3380
3385
3386
3387
3390
3395
3397
3400
3405
3406
3409
3413
3415
3416
3417
3419
3423
3427
3429
3430
3431
3434
3436
3438
3443
3447
3448
3453
3454
3457
3458
3463
3466
3470
3471
3474
3476
3477
3481
3482
3484
3485
3487
3492
3495
3500
3502
3506
3510
3513
3518
3521
3524
3528
3533
3536
3540
3544
3545
3546
3550
3553
3554
3556
3561
3562
3567
3572
3575
3576
3580
3581
3586
3589
3591
3596
3599
3604
3606
3610
3612
3615
3619
3621
3623
3625
3626
3628
3630
3633
3638
3643
3647
3650
3655
3660
3664
3665
3666
3671
3676
3677
3681
3683
3688
3691
3692
3696
3697
3702
3706
3709
3710
3714
3717
3722
3727
3732
3735
3740
3745
3750
3754
3756
3758
3759
3760
3764
3767
3771
3772
3777
3782
3784
3789
3794
3795
3800
3803
3806
3810
3814
3818
3820
3822
3827
3828
3830
3831
3832
3837
3840
3844
3845
3847
3849
3852
3855
3859
3860
3864
3867
3869
3872
3877
3879
3884
3885
3890
3892
3897
3898
3902
3905
3907
3909
3911
3914
3918
3921
3926
3929
3932
3936
3940
3941
3945
3950
3955
3959
3964
3965
3970
3974
3976
3979
3983
3988
3993
3998
3999
4002
4005
4009
4011
4016
4018
4021
4024
4028
4033
4034
4039
4044
4046
4051
4054
4058
4062
4064
4065
4068
4073
4078
4080
4084
4088
4090
4094
4099
4101
4102
4107
4108
4113
4115
4116
4117
4121
4123
4127
4129
4133
4137
4141
4144
4148
4149
4154
4157
4162
4167
4172
4175
4180
4185
4189
4193
4194
4196
4200
4205
4207
4212
4215
4218
4223
4227
4230
4232
4235
4239
4240
4243
4248
4251
4252
4253
4258
4262
4267
4270
4271
4273
4276
4278
4281
4285
4289
4290
4292
4294
4295
4299
4300
4302
4303
4306
4309
4310
4312
4314
4319
4320
4321
4322
4327
4330
4334
4335
4340
4345
4346
4348
4353
4354
4358
4361
4362
4366
4370
4371
4375
4379
4380
4383
4387
4388
4392
4395
4396
4398
4402
4406
4411
4414
4418
4421
4425
4427
4431
4434
4435
4437
4439
4443
4448
4453
4457
4461
4464
4465
4468
4469
4470
4474
4478
4481
4482
4483
4486
4487
4490
4491
4496
4498
4500
4502
4504
4506
4507
4510
4515
4517
4518
4520
4522
4525
4527
4528
4529
4532
4533
4534
4535
4536
4540
4545
4546
4549
4554
4556
4559
4561
4566
4568
4570
4572
4573
4578
4580
4585
4586
4590
4594
4599
4602
4604
4607
4608
4612
4616
4618
4621
4626
4627
4632
4633
4634
4637
4642
4645
4649
4652
4656
4657
4662
4664
4668
4670
4674
4679
4682
4687
4692
4693
4695
4698
4703
4704
4707
4710
4711
4712
4713
4717
4722
4723
4725
4726
4727
4729
4734
4735
4740
4742
4747
4748
4751
4754
4755
4756
4759
4760
4764
4769
4770
4772
4776
4781
4782
4784
4785
4786
4788
4790
4792
4794
4795
4797
4802
4804
4806
4808
4811
4815
4820
4825
4829
4831
4833
4835
4837
4838
4839
4843
4844
4845
4850
4854
4855
4859
4861
4865
4868
4871
4876
4881
4882
4886
4891
4894
4899
4904
4907
4911
4916
4917
4922
4925
4930
4933
4938
4942
4944
4948
4951
4956
4957
4958
4961
4966
4967
4969
4973
4974
4978
4980
4983
4987
4991
4994
4997
5001
5003
5005
5010
5015
5018
5023
5028
5030
5032
5037
5042
5045
5048
5049
5053
5056
5059
5060
5063
5064
5065
5068
5069
5071
5073
5075
5080
5084
5086
5088
5090
5092
5095
5097
5099
5102
5106
5107
5111
5112
5113
5114
5115
5118
5119
5124
5127
5130
5135
5139
5141
5142
5144
5147
5148
5150
5151
5152
5155
5158
5160
5165
5166
5168
5170
5171
5172
5176
5177
5180
5181
5186
5191
5196
5200
5205
5209
5210
5214
5216
5221
5225
5229
5233
5234
5238
5242
5243
5244
5249
5253
5255
5257
5258
5259
5261
5264
5265
5267
5269
5274
5276
5280
5281
5285
5286
5291
5294
5295
5297
5301
5303
5304
5308
5311
5315
5319
5321
5325
5330
5331
5333
5334
5336
5341
5343
5345
5349
5352
5355
5356
5359
5361
5363
5367
5370
5372
5374
5379
5380
5382
5384
5389
5393
5394
5397
5402
5407
5412
5417
5418
5423
5424
5425
5430
5435
5440
5442
5445
5446
5447
5450
5451
5456
5460
5465
5467
5469
5473
5474
5477
5480
5485
5487
5489
5490
5492
5495
5499
5501
5506
5509
5510
5512
5515
5517
5522
5523
5524
5525
5529
5532
5536
5541
5545
5548
5549
5553
5555
5558
5560
5564
5565
5568
5570
5575
5580
5581
5584
5588
5593
5597
5598
5602
5606
5610
5611
5614
5619
5620
5624
5625
5627
5632
5634
5638
5640
5644
5646
5651
5656
5659
5661
5665
5668
5673
5674
5677
5681
5685
5686
5687
5690
5693
5696
5699
5700
5701
5704
5709
5712
5716
5719
5722
5725
5729
5730
5734
5739
5741
5746
5747
5749
5751
5754
5759
5762
5765
5769
5772
5776
5779
5781
5784
5789
5792
5793
5797
5801
5802
5806
5808
5813
5815
5819
5821
5826
5831
5835
5838
5841
5846
5849
5851
5855
5857
5858
5860
5862
5863
5867
5868
5871
5876
5880
5884
5889
5894
5895
5899
5902
5906
5910
5913
5916
5920
5924
5929
5930
5932
5936
5941
5946
5947
5948
5949
5951
5956
5959
5962
5964
5968
5972
5973
5976
5981
5982
5984
5987
5992
5996
6000
6003
6005
6007
6008
6013
6016
6017
6018
6023
6027
6030
6035
6038
6042
6046
6047
6052
6056
6057
6062
6063
6067
6069
6073
6078
6081
6082
6085
6087
6088
6089
6091
6096
6101
6104
6106
6107
6111
6113
6115
6116
6120
6124
6126
6129
6130
6131
6132
6133
6136
6138
6142
6145
6146
6150
6155
6157
6160
6164
6167
6169
6170
6172
6176
6177
6182
6184
6189
6193
6197
6202
6206
6210
6213
6217
6219
6223
6227
6228
6233
6237
6241
6246
6250
6255
6259
6260
6263
6264
6265
6270
6271
6275
6277
6278
6282
6285
6290
6293
6297
6299
6302
6305
6306
6309
6311
6312
6314
6319
6323
6326
6330
6334
6339
6342
6347
6350
6354
6356
6358
6359
6360
6365
6368
6372
6375
6376
6380
6383
6386
6389
6390
6395
6396
6399
6404
6405
6406
6408
6412
6415
6419
6424
6426
6431
6435
6437
6440
6444
6446
6451
6454
6458
6462
6467
6468
6473
6478
6480
6485
6487
6492
6495
6500
6502
6505
6510
6511
6515
6519
6523
6526
6528
6533
6538
6541
6546
6547
6551
6555
6557
6558
6563
6564
6565
6570
6575
6579
6581
6582
6583
6584
6587
6591
6596
6599
6603
6608
6609
6611
6614
6615
6617
6620
6622
6623
6628
6631
6636
6637
6642
6647
6648
6649
6654
6657
6659
6662
6664
6665
6666
6671
6672
6676
6681
6685
6689
6690
6693
6696
6697
6700
6704
6706
6708
6711
6712
6715
6720
6725
6727
6730
6731
6734
6735
6737
6741
6742
6743
6748
6749
6754
6759
6763
6767
6768
6770
6775
6778
6782
6787
6789
6792
6795
6796
6800
6801
6805
6809
6810
6815
6818
6822
6826
6827
6832
6836
6838
6843
6844
6848
6852
6854
6856
6860
6861
6862
6866
6869
6872
6876
6878
6883
6885
6889
6891
6894
6898
6900
6903
6908
6910
6912
6915
6918
6920
6921
6922
6925
6927
6932
6936
6941
6943
6945
6948
6953
6956
6959
6961
6965
6966
6970
6975
6979
6982
6983
6986
6987
6992
6995
7000
7003
7008
7013
7018
7021
7024
7025
7026
7029
7032
7037
7042
7047
7051
7054
7057
7061
7064
7066
7067
7072
7077
7080
7084
7085
7087
7092
7096
7098
7103
7108
7110
7114
7117
7119
7120
7121
7124
7127
7132
7135
7140
7145
7148
7153
7158
7161
7166
7168
7170
7171
7174
7175
7180
7185
7190
7195
7196
7197
7200
7203
7208
7212
7215
7219
7221
7225
7228
7232
7237
7240
7243
7248
7252
7254
7258
7262
7267
7268
7270
7272
7277
7281
7285
7288
7291
7294
7298
7299
7302
7305
7309
7312
7315
7319
7323
7326
7327
7330
7331
7334
7335
7339
7343
7345
7347
7351
7354
7359
7360
7363
7365
7369
7370
7374
7379
7381
7382
7383
7384
7385
7389
7390
7391
7392
7395
7400
7404
7409
7412
7417
7422
7423
7428
7433
7437
7439
7442
7445
7446
7449
7452
7453
7454
7455
7456
7458
7463
7465
7469
7472
7474
7478
7483
7484
7486
7491
7492
7497
7499
7503
7508
7512
7516
7520
7524
7525
7527
7530
7533
7534
7539
7544
7549
7550
7552
7556
7557
7558
7559
7563
7566
7567
7568
7569
7574
7577
7580
7581
7584
7587
7588
7589
7594
7596
7597
7599
7601
7606
7610
7613
7618
7622
7626
7629
7630
7634
7637
7638
7641
7645
7649
7651
7656
7659
7661
7664
7669
7672
7676
7681
7685
7687
7692
7693
7695
7696
7700
7705
7708
7711
7714
7716
7721
7725
7730
7731
7736
7738
7739
7742
7747
7752
7754
7755
7760
7765
7769
7772
7777
7779
7781
7784
7788
7789
7793
7797
7799
7803
7805
7806
7810
7812
7813
7816
7817
7821
7822
7823
7828
7829
7831
7834
7838
7840
7845
7848
7852
7855
7860
7863
7865
7867
7869
7873
7877
7880
7882
7883
7885
7888
7889
7892
7894
7896
7900
7901
7902
7905
7910
7911
7912
7914
7917
7919
7924
7929
7934
7937
7941
7944
7947
7952
7954
7955
7958
7960
7965
7970
7971
7972
7973
7978
7981
7986
7989
7990
7995
7997
7998
8001
8005
8006
8010
8013
8018
8021
8025
8027
8028
8032
8033
8038
8042
8044
8047
8051
8056
8061
8063
8068
8069
8072
8075
8079
8081
8082
8087
8088
8092
8096
8100
8101
8104
8108
8110
8113
8118
8121
8125
8126
8127
8128
8133
8137
8142
8145
8148
8152
8154
8159
8163
8166
8167
8170
8175
8178
8183
8187
8190
8194
8196
8197
8202
8203
8206
8208
8210
8215
8220
8222
8223
8225
8226
8227
8231
8234
8238
8243
8245
8248
8249
8250
8251
8254
8258
8262
8267
8268
8272
8276
8280
8285
8289
8291
8294
8295
8296
8297
8301
8302
8305
8307
8308
8312
8315
8318
8323
8328
8330
8334
8336
8338
8341
8343
8344
8349
8353
8354
8357
8362
8367
8368
8370
8372
8375
8378
8382
8383
8388
8391
8394
8398
8402
8406
8410
8411
8412
8414
8415
8418
8422
8423
8425
8430
8432
8435
8440
8442
8447
8451
8452
8453
8456
8459
8464
8467
8468
8470
8474
8477
8478
8479
8481
8484
8487
8491
8492
8494
8499
8500
8503
8507
8508
8513
8518
8520
8521
8525
8529
8531
8535
8538
8540
8543
8544
8549
8551
8553
8555
8556
8558
8562
8564
8567
8570
8571
8572
8575
8580
8584
8589
8593
8596
8600
8604
8606
8607
8610
8612
8614
8616
8619
8622
8627
8629
8630
8635
8640
8645
8650
8651
8655
8658
8663
8666
8671
8675
8680
8684
8685
8689
8694
8696
8700
8702
8706
8710
8711
8716
8717
8719
8724
8726
8731
8736
8738
8739
8740
8745
8746
8747
8751
8755
8756
8761
8764
8768
8771
8776
8779
8781
8785
8789
8793
8798
8803
8805
8810
8815
8820
8824
8829
8832
8836
8841
8842
8844
8845
8850
8855
8860
8861
8866
8871
8874
8875
8877
8878
8880
8882
8886
8891
8893
8894
8899
8904
8908
8910
8912
8914
8918
8919
8922
8923
8926
8928
8929
8930
8932
8936
8939
8940
8944
8949
8953
8954
8958
8960
8962
8964
8968
8970
8972
8976
8979
8980
8981
8986
8990
8991
8993
8996
8997
8998
8999
9004
9005
9010
9013
9016
9017
9018
9021
9024
9025
9029
9031
9032
9033
9034
9039
9040
9043
9048
9051
9053
9057
9061
9065
9069
9070
9075
9078
9080
9085
9090
9092
9094
9098
9100
9102
9103
9108
9110
9115
9120
9122
9123
9125
9127
9128
9129
9131
9134
9135
9139
9142
9144
9145
9147
9150
9155
9156
9159
9164
9168
9173
9174
9179
9180
9183
9184
9187
9192
9193
9196
9197
9199
9203
9208
9209
9214
9216
9220
9225
9226
9229
9231
9235
9236
9238
9239
9242
9246
9247
9252
9256
9258
9262
9267
9268
9271
9273
9277
9279
9283
9284
9289
9294
9299
9300
9301
9303
9308
9312
9313
9316
9319
9323
9326
9330
9334
9339
9340
9342
9345
9347
9352
9355
9357
9358
9362
9364
9366
9370
9375
9377
9382
9383
9384
9385
9386
9389
9392
9397
9399
9400
9402
9405
9409
9413
9416
9419
9420
9422
9424
9429
9432
9437
9441
9444
9448
9453
9455
9458
9461
9463
9466
9470
9474
9477
9481
9485
9486
9490
9494
9497
9498
9501
9503
9507
9511
9514
9515
9520
9524
9527
9532
9533
9535
9540
9543
9544
9549
9554
9559
9562
9566
9569
9572
9576
9581
9586
9587
9589
9590
9594
9596
9598
9600
9605
9607
9611
9615
9616
9621
9626
9628
9630
9635
9637
9640
9645
9648
9653
9656
9660
9662
9664
9666
9671
9675
9677
9678
9681
9685
9687
9692
9697
9698
9702
9707
9708
9709
9712
9715
9720
9725
9729
9734
9736
9739
9742
9744
9747
9751
9756
9761
9762
9766
9768
9773
9776
9781
9783
9786
9790
9794
9797
9801
9805
9809
9810
9812
9815
9818
9821
9822
9824
9826
9827
9828
9829
9830
9831
9833
9836
9840
9845
9850
9854
9856
9857
9861
9866
9870
9872
9876
9880
9885
9890
9892
9894
9899
9901
9905
9906
9907
9909
9910
9915
9919
9920
9925
9926
9930
9932
9934
9938
9943
9948
9950
9952
9955
9957
9961
9965
9969
9970
9972
9977
9979
9984
9987
9989
9991
9996
10001
10002
10005
10008
10011
10014
10016
10021
10026
10031
10034
10039
10044
10049
10050
10052
10054
10057
10061
10064
10066
10070
10073
10076
10081
10082
10084
10088
10093
10095
10098
10099
10102
10103
10104
10107
10109
10113
10114
10119
10120
10123
10125
10129
10133
10137
10140
10141
10145
10146
10147
10148
10153
10158
10159
10163
10164
10165
10170
10172
10177
10181
10183
10186
10189
10194
10199
10202
10203
10204
10205
10209
10211
10213
10215
10218
10219
10220
10224
10226
10229
10231
10235
10239
10242
10245
10250
10255
10260
10265
10269
10274
10279
10282
10284
10288
10289
10291
10296
10299
10301
10303
10305
10309
10313
10318
10321
10324
10327
10330
10335
10339
10341
10344
10345
10350
10353
10354
10355
10358
10360
10364
10365
10370
10373
10376
10378
10382
10383
10387
10391
10392
10397
10401
10406
10410
10415
10420
10424
10427
10431
10436
10437
10439
10440
10443
10445
10446
10447
10448
10453
10454
10458
10461
10463
10465
10470
10475
10480
10481
10486
10488
10490
10491
10492
10494
10498
10501
10506
10511
10515
10520
10524
10527
10532
10537
10538
10540
10545
10546
10550
10552
10556
10557
10561
10563
10566
10570
10571
10572
10576
10578
10580
10585
10586
10588
10590
10594
10595
10599
10602
10603
10604
10607
10610
10612
10614
10617
10619
10623
10627
10630
10631
10632
10635
10639
10642
10647
10651
10655
10658
10660
10664
10669
10670
10672
10677
10680
10683
10686
10690
10695
10700
10705
10709
10710
10714
10717
10720
10724
10727
10731
10735
10737
10739
10742
10745
10750
10752
10755
10757
10758
10759
10760
10764
10766
10770
10774
10779
10780
10783
10788
10792
10794
10799
10801
10802
10805
10809
10811
10813
10814
10816
10820
10825
10827
10830
10831
10836
10841
10842
10846
10848
10853
10856
10858
10860
10865
10867
10869
10872
10875
10879
10881
10884
10889
10890
10891
10895
10900
10901
10905
10909
10911
10915
10918
10923
10925
10927
10929
10933
10936
10938
10939
10944
10945
10946
10949
10954
10957
10961
10963
10966
10967
10969
10973
10978
10981
10983
10985
10987
10989
10994
10999
11003
11006
11007
11012
11015
11020
11023
11025
11030
11031
11035
11038
11041
11045
11047
11050
11053
11057
11061
11063
11067
11070
11072
11073
11074
11077
11078
11083
11086
11091
11093
11098
11103
11107
11108
11113
11117
11118
11119
11123
11128
11129
11134
11139
11144
11148
11151
11152
11154
11158
11163
11164
11168
11169
11171
11172
11173
11175
11179
11183
11188
11191
11192
11194
11196
11200
11205
11208
11211
11215
11219
11222
11227
11228
11230
11234
11238
11239
11243
11248
11250
11252
11254
11255
11259
11263
11265
11267
11272
11273
11275
11279
11282
11285
11290
11295
11300
11301
11305
11310
11311
11313
11317
11318
11320
11324
11327
11331
11334
11336
11341
11345
11349
11350
11355
11358
11361
11362
11365
11366
11369
11374
11377
11379
11382
11383
11386
11389
11394
11398
11403
11408
11411
11412
11413
11415
11418
11423
11427
11430
11432
11437
11440
11445
11448
11449
11454
11458
11460
11465
11470
11475
11478
11481
11482
11483
11484
11487
11490
11494
11495
11499
11502
11503
11506
11508
11510
11514
11519
11520
11525
11529
11530
11531
11535
11539
11540
11545
11548
11552
11555
11556
11560
11563
11568
11569
11571
11573
11578
11580
11583
11586
11587
11588
11592
11597
11598
11601
11606
11608
11610
11614
11617
11618
11620
11624
11628
11631
11635
11639
11643
11646
11647
11648
11649
11650
11652
11653
11655
11660
11661
11666
11669
11672
11676
11678
11682
11686
11689
11690
11691
11696
11698
11702
11707
11712
11716
11721
11722
11725
11728
11731
11735
11739
11744
11748
11753
11756
11759
11762
11766
11769
11771
11773
11774
11776
11780
11783
11784
11786
11788
11789
11794
11798
11801
11806
11809
11814
11818
11822
11823
11826
11830
11834
11839
11843
11844
11847
11848
11850
11851
11855
11860
11864
11868
11871
11872
11877
11879
11882
11886
11888
11892
11896
11898
11899
11901
11906
11908
11909
11912
11916
11918
11921
11923
11925
11930
11933
11938
11939
11940
11945
11947
11949
11951
11953
11958
11962
11966
11971
11976
11980
11982
11983
11988
11989
11993
11998
12003
12008
12012
12016
12018
12020
12021
12025
12030
12034
12039
12044
12048
12049
12051
12052
12054
12057
12059
12064
12069
12071
12073
12075
12080
12083
12086
12091
12092
12095
12098
12101
12106
12108
12110
12115
12116
12120
12125
12127
12128
12132
12134
12137
12142
12147
12152
12156
12161
12164
12167
12172
12176
12181
12186
12190
12195
12196
12200
12203
12207
12211
12213
12217
12221
12224
12228
12230
12231
12233
12238
12240
12242
12244
12246
12248
12251
12252
12256
12258
12260
12264
12269
12271
12275
12277
12280
12285
12286
12289
12290
12293
12295
12297
12302
12306
12310
12313
12314
12319
12324
12329
12332
12334
12335
12338
12343
12346
12347
12350
12354
12355
12357
12361
12366
12370
12375
12378
12382
12387
12389
12393
12394
12397
12401
12403
12404
12406
12411
12412
12413
12418
12419
12424
12428
12432
12433
12437
12442
12445
12448
12453
12456
12459
12464
12466
12471
12472
12475
12479
12482
12487
12488
12489
12491
12496
12499
12501
12502
12504
12507
12508
12510
12514
12515
12520
12523
12526
12529
12532
12534
12535
12538
12543
12546
12550
12554
12556
12561
12564
12569
12572
12576
12581
12583
12584
12588
12592
12595
12597
12601
12605
12606
12609
12610
12611
12612
12614
12617
12622
12624
12628
12631
12633
12635
12636
12641
12645
12646
12650
12655
12660
12662
12665
12669
12671
12673
12678
12681
12682
12685
12689
12693
12698
12702
12707
12708
12711
12713
12718
12720
12724
12726
12727
12730
12733
12736
12740
12744
12746
12748
12752
12754
12755
12760
12761
12765
12768
12771
12774
12776
12777
12779
12784
12786
12788
12789
12790
12793
12796
12799
12803
12807
12809
12811
12816
12820
12822
12826
12831
12833
12838
12840
12841
12846
12850
12852
12854
12857
12860
12863
12868
12869
12871
12875
12877
12881
12882
12887
12892
12897
12901
12902
12906
12909
12913
12915
12919
12921
12922
12927
12929
12931
12932
12933
12935
12937
12940
12941
12945
12947
12950
12951
12956
12961
12964
12966
12970
12973
12977
12982
12985
12987
12989
12992
12995
12996
13001
13006
13011
13016
13021
13026
13031
13036
13041
13043
13048
13051
13056
13058
13061
13064
13067
13072
13074
13078
13081
13082
13087
13088
13092
13097
13102
13106
13107
13109
13111
13116
13121
13125
13127
13132
13137
13140
13141
13146
13151
13156
13161
13165
13166
13169
13173
13174
13175
13176
13177
13182
13185
13188
13191
13195
13199
13203
13207
13212
13214
13219
13224
13225
13229
13232
13233
13235
13238
13239
13242
13246
13248
13251
13255
13256
13259
13262
13264
13269
13273
13278
13282
13285
13289
13290
13292
13296
13300
13302
13306
13311
13314
13318
13321
13325
13327
13332
13336
13338
13340
13344
13348
13353
13355
13360
13364
13366
13371
13374
13375
13380
13383
13384
13389
13391
13396
13397
13399
13403
13405
13409
13412
13417
13418
13419
13424
13426
13431
13432
13434
13438
13443
13448
13452
13456
13457
13458
13462
13463
13464
13469
13471
13473
13474
13479
13484
13486
13490
13493
13497
13498
13502
13505
13506
13508
13511
13513
13515
13517
13518
13522
13523
13525
13527
13531
13533
13538
13542
13543
13547
13552
13557
13559
13561
13564
13568
13573
13578
13581
13586
13588
13593
13595
13597
13600
13602
13605
13608
13611
13615
13616
13619
13622
13624
13628
13630
13631
13636
13639
13644
13647
13651
13653
13657
13658
13659
13662
13666
13667
13672
13675
13677
13682
13684
13686
13689
13691
13692
13695
13696
13697
13702
13705
13710
13712
13717
13718
13720
13725
13729
13733
13734
13738
13741
13743
13744
13745
13746
13749
13753
13756
13761
13762
13767
13771
13772
13777
13779
13781
13784
13787
13790
13795
13797
13800
13802
13807
13809
13813
13818
13822
13824
13829
13830
13832
13837
13838
13841
13846
13851
13856
13861
13865
13867
13872
13874
13877
13879
13881
13883
13886
13890
13892
13895
13897
13900
13902
13905
13908
13913
13918
13921
13923
13926
13931
13933
13935
13937
13941
13946
13948
13952
13956
13959
13962
13964
13967
13970
13974
13977
13980
13981
13985
13988
13989
13993
13995
13998
14003
14007
14009
14010
14012
14013
14016
14021
14026
14030
14033
14036
14041
14043
14046
14047
14049
14052
14054
14057
14061
14065
14068
14069
14072
14073
14074
14076
14080
14083
14088
14093
14098
14103
14107
14112
14117
14119
14124
14129
14131
14132
14133
14136
14141
14144
14148
14149
14154
14157
14158
14163
14164
14165
14168
14172
14174
14179
14183
14184
14185
14190
14194
14199
14201
14202
14205
14210
14213
14216
14221
14224
14229
14232
14235
14240
14243
14245
14249
14251
14255
14257
14262
14264
14265
14266
14271
14272
14274
14279
14283
14286
14288
14290
14294
14298
14300
14304
14309
14312
14317
14320
14323
14325
14326
14329
14330
14333
14335
14340
14343
14344
14347
14352
14355
14357
14361
14362
14365
14370
14374
14375
14377
14381
14385
14386
14387
14391
14393
14396
14398
14401
14405
14406
14411
14412
14415
14419
14423
14427
14432
14433
14437
14440
14443
14448
14449
14453
14456
14457
14458
14460
14463
14464
14469
14471
14476
14479
14483
14485
14488
14493
14494
14496
14497
14498
14501
14506
14511
14515
14518
14522
14525
14529
14530
14533
14538
14543
14544
14549
14552
14554
14555
14556
14559
14564
14565
14569
14570
14574
14578
14581
14585
14589
14591
14592
14593
14595
14598
14599
14601
14605
14608
14613
14618
14623
14624
14625
14627
14629
14630
14633
14637
14642
14645
14650
14652
14654
14658
14661
14663
14668
14670
14674
14678
14680
14682
14686
14687
14691
14693
14698
14703
14706
14707
14711
14714
14716
14717
14721
14725
14726
14729
14730
14733
14734
14735
14737
14741
14742
14743
14744
14747
14750
14754
14758
14761
14765
14768
14769
14773
14777
14781
14785
14787
14790
14795
14796
14800
14805
14809
14810
14812
14815
14818
14822
14825
14827
14828
14831
14834
14838
14839
14840
14841
14842
14846
14848
14853
14856
14857
14860
14864
14868
14870
14872
14874
14875
14879
14884
14887
14889
14890
14895
14900
14905
14908
14912
14915
14919
14923
14927
14929
14933
14937
14939
14941
14944
14947
14951
14955
14958
14960
14965
14966
14969
14971
14976
14979
14982
14984
14988
14989
14992
14997
15002
15006
15008
15010
15013
15016
15019
15020
15022
15027
15032
15036
15040
15044
15049
15050
15051
15056
15061
15064
15067
15072
15076
15080
15083
15087
15091
15095
15098
15101
15105
15106
15110
15112
15116
15119
15123
15127
15128
15130
15132
15133
15137
15138
15142
15146
15150
15152
15155
15156
15160
15165
15167
15172
15173
15175
15179
15180
15181
15185
15187
15192
15197
15200
15204
15207
15210
15215
15219
15221
15223
15226
15228
15230
15231
15233
15236
15237
15241
15245
15246
15248
15253
15258
15263
15265
15267
15272
15276
15278
15281
15283
15285
15290
15293
15297
15300
15304
15306
15310
15315
15320
15321
15323
15326
15329
15331
15334
15338
15339
15344
15348
15353
15355
15356
15358
15359
15362
15363
15366
15367
15368
15373
15374
15375
15379
15381
15383
15387
15392
15396
15397
15400
15401
15406
15408
15413
15414
15418
15420
15421
15424
15427
15428
15432
15434
15435
15440
15441
15446
15451
15453
15457
15462
15465
15469
15471
15473
15474
15478
15483
15486
15491
15494
15497
15500
15505
15508
15511
15516
15518
15520
15523
15527
15530
15531
15536
15538
15540
15543
15545
15546
15547
15551
15552
15557
15562
15564
15567
15571
15573
15577
15579
15583
15584
15586
15589
15594
15598
15602
15605
15610
15615
15618
15619
15622
15624
15625
15628
15630
15631
15635
15637
15642
15645
15647
15650
15655
15659
15663
15665
15669
15672
15673
15677
15680
15683
15685
15690
15695
15699
15700
15702
15705
15709
15712
15714
15716
15717
15718
15719
15720
15722
15726
15730
15735
15739
15741
15743
15748
15749
15753
15754
15755
15760
15762
15767
15768
15770
15774
15778
15781
15784
15785
15786
15790
15792
15794
15796
15801
15806
15809
15811
15815
15819
15823
15828
15830
15834
15835
15837
15840
15845
15850
15854
15858
15863
15866
15871
15872
15874
15876
15880
15883
15888
15893
15895
15897
15901
15906
15910
15915
15918
15920
15925
15929
15930
15934
15935
15937
15940
15941
15945
15949
15951
15954
15955
15956
15958
15959
15961
15965
15966
15970
15973
15977
15979
15984
15985
15989
15991
15994
15995
15996
16000
16003
16005
16008
16011
16013
16014
16015
16018
16023
16027
16032
16034
16035
16040
16041
16042
16046
16047
16049
16050
16052
16053
16058
16063
16065
16067
16070
16072
16074
16079
16083
16088
16093
16094
16098
16100
16101
16102
16107
16109
16114
16119
16123
16127
16129
16131
16134
16136
16139
16144
16147
16151
16153
16154
16159
16161
16165
16169
16171
16175
16178
16180
16185
16188
16192
16195
16200
16201
16205
16210
16212
16217
16220
16221
16225
16228
16229
16232
16236
16241
16242
16244
16246
16249
16250
16252
16253
16256
16261
16262
16267
16272
16274
16279
16280
16285
16290
16291
16293
16294
16297
16300
16303
16308
16309
16314
16319
16324
16327
16328
16332
16337
16339
16344
16346
16348
16349
16354
16357
16361
16365
16367
16368
16369
16373
16378
16382
16384
16389
16392
16395
16397
16400
16402
16403
16408
16409
16410
16414
16415
16419
16422
16427
16430
16431
16433
16438
16439
16441
16442
16446
16450
16452
16457
16462
16466
16468
16470
16475
16479
16480
16485
16487
16489
16494
16497
16500
16504
16506
16509
16511
16515
16520
16525
16526
16528
16532
16536
16537
16539
16540
16543
16548
16552
16557
16562
16564
16568
16570
16575
16576
16577
16578
16580
16581
16585
16586
16590
16594
16596
16599
16602
16606
16610
16614
16619
16622
16624
16625
16630
16632
16637
16638
16639
16641
16645
16646
16650
16651
16653
16654
16658
16659
16661
16666
16669
16670
16672
16676
16680
16681
16684
16687
16692
16694
16698
16699
16704
16707
16710
16713
16717
16722
16725
16728
16731
16735
16740
16744
16745
16748
16751
16753
16755
16757
16759
16761
16763
16764
16767
16770
16774
16779
16780
16781
16782
16784
16789
16790
16792
16795
16798
16801
16805
16807
16810
16812
16813
16815
16817
16822
16825
16828
16829
16832
16837
16842
16847
16851
16853
16858
16862
16865
16866
16868
16871
16875
16880
16881
16884
16886
16889
16891
16895
16897
16901
16904
16908
16911
16916
16921
16926
16929
16934
16936
16939
16943
16947
16948
16952
16957
16961
16964
16969
16974
16976
16977
16979
16980
16981
16982
16985
16986
16990
16994
16996
16999
17002
17007
17010
17014
17019
17022
17027
17031
17034
17037
17042
17043
17044
17046
17049
17050
17053
17055
17057
17061
17065
17069
17071
17073
17074
17077
17082
17085
17086
17088
17090
17094
17096
17100
17102
17105
17109
17114
17119
17123
17127
17130
17131
17132
17134
17136
17140
17145
17146
17151
17154
17159
17160
17164
17165
17166
17171
17175
17178
17179
17180
17182
17184
17187
17189
17194
17199
17201
17202
17206
17209
17214
17217
17220
17225
17228
17229
17233
17237
17242
17244
17247
17250
17253
17254
17255
17258
17259
17261
17264
17266
17267
17268
17270
17271
17276
17280
17281
17284
17286
17290
17294
17298
17300
17302
17306
17311
17314
17316
17318
17319
17322
17324
17325
17327
17329
17330
17335
17338
17341
17344
17345
17350
17351
17354
17356
17360
17363
17367
17368
17369
17373
17377
17381
17382
17386
17388
17392
17397
17401
17406
17407
17409
17414
17415
17417
17418
17423
17424
17428
17433
17438
17442
17447
17448
17453
17457
17459
17461
17463
17468
17472
17474
17476
17481
17483
17486
17489
17492
17493
17496
17498
17501
17506
17507
17509
17510
17511
17514
17517
17520
17523
17526
17529
17531
17533
17535
17540
17545
17547
17551
17556
17560
17565
17567
17571
17574
17577
17579
17583
17584
17586
17587
17589
17591
17594
17595
17599
17600
17603
17605
17609
17612
17617
17618
17619
17621
17626
17631
17636
17640
17641
17643
17648
17652
17655
17660
17662
17666
17668
17671
17672
17676
17679
17681
17684
17689
17691
17692
17694
17699
17700
17704
17706
17710
17712
17717
17718
17722
17724
17729
17732
17734
17736
17737
17742
17747
17749
17753
17754
17756
17758
17761
17762
17765
17767
17770
17775
17779
17780
17782
17785
17786
17790
17794
17797
17801
17804
17807
17809
17813
17815
17817
17818
17823
17825
17828
17832
17833
17837
17841
17844
17849
17854
17856
17860
17864
17866
17868
17872
17873
17875
17879
17880
17883
17888
17892
17894
17897
17901
17905
17909
17914
17917
17918
17919
17923
17926
17929
17932
17937
17939
17944
17947
17951
17952
17954
17959
17960
17961
17962
17967
17969
17974
17977
17982
17984
17988
17989
17992
17993
17994
17998
18002
18005
18006
18008
18009
18013
18015
18019
18022
18026
18027
18031
18033
18037
18042
18043
18044
18045
18050
18053
18055
18057
18058
18061
18064
18069
18074
18078
18079
18083
18088
18089
18094
18096
18099
18104
18109
18110
18111
18114
18118
18120
18124
18128
18133
18136
18137
18141
18144
18147
18152
18156
18161
18165
18170
18173
18178
18181
18186
18187
18190
18191
18196
18198
18201
18205
18206
18211
18216
18221
18223
18226
18229
18231
18234
18237
18241
18246
18251
18254
18258
18260
18263
18268
18273
18275
18279
18283
18284
18286
18290
18295
18300
18305
18310
18315
18318
18322
18327
18331
18334
18339
18341
18343
18347
18350
18353
18354
18358
18359
18364
18369
18370
18374
18378
18382
18383
18387
18388
18393
18397
18401
18405
18407
18409
18411
18412
18413
18414
18416
18421
18426
18427
18428
18433
18435
18437
18440
18441
18444
18449
18454
18458
18463
18464
18467
18469
18473
18474
18476
18478
18482
18487
18488
18493
18494
18497
18499
18500
18502
18504
18507
18508
18510
18512
18514
18515
18517
18522
18527
18530
18532
18535
18537
18540
18541
18544
18549
18552
18554
18556
18561
18566
18571
18572
18576
18579
18583
18584
18587
18592
18595
18596
18601
18602
18606
18608
18610
18613
18614
18617
18622
18623
18628
18633
18638
18643
18647
18652
18655
18659
18663
18665
18669
18672
18674
18677
18679
18680
18682
18685
18686
18690
18691
18694
18696
18700
18703
18707
18709
18712
18714
18715
18719
18720
18725
18730
18734
18737
18741
18744
18746
18751
18753
18754
18759
18763
18764
18767
18769
18772
18773
18776
18777
18781
18783
18788
18789
18794
18798
18801
18802
18806
18811
18816
18819
18824
18829
18830
18831
18835
18837
18840
18842
18845
18850
18851
18852
18854
18858
18862
18864
18866
18868
18871
18873
18878
18879
18882
18886
18889
18891
18892
18895
18899
18903
18906
18911
18915
18916
18920
18923
18924
18928
18933
18937
18939
18941
18942
18947
18949
18954
18955
18960
18964
18968
18969
18972
18976
18977
18982
18986
18990
18995
18996
18998
19003
19004
19009
19011
19015
19018
19020
19021
19025
19028
19032
19033
19036
19039
19043
19046
19049
19052
19053
19055
19057
19058
19063
19068
19072
19073
19077
19078
19081
19084
19087
19089
19093
19098
19102
19103
19108
19110
19115
19119
19124
19129
19130
19134
19138
19139
19140
19143
19147
19151
19155
19158
19163
19166
19170
19173
19174
19179
19182
19183
19184
19185
19187
19188
19193
19194
19197
19201
19204
19208
19211
19213
19215
19219
19221
19225
19227
19232
19237
19239
19241
19245
19247
19250
19253
19258
19259
19262
19266
19271
19274
19277
19278
19279
19281
19283
19285
19286
19287
19288
19292
19293
19295
19297
19302
19305
19309
19312
19316
19319
19324
19326
19327
19328
19333
19338
19339
19342
19345
19346
19348
19352
19353
19354
19356
19360
19363
19368
19373
19375
19379
19381
19385
19387
19390
19395
19398
19403
19405
19407
19408
19409
19412
19415
19419
19422
19427
19432
19435
19436
19441
19443
19444
19447
19452
19456
19459
19463
19466
19467
19471
19473
19474
19479
19481
19483
19484
19486
19489
19494
19495
19497
19502
19507
19509
19511
19515
19518
19519
19521
19522
19523
19528
19531
19533
19538
19539
19542
19543
19544
19549
19551
19556
19559
19564
19566
19567
19568
19570
19573
19578
19581
19582
19586
19590
19591
19593
19597
19601
19604
19605
19610
19615
19617
19622
19624
19625
19626
19629
19634
19638
19643
19645
19648
19651
19654
19658
19662
19663
19665
19666
19671
19675
19677
19678
19682
19683
19684
19688
19693
19694
19697
19701
19704
19705
19707
19712
19714
19716
19721
19726
19730
19734
19735
19740
19743
19745
19748
19753
19756
19757
19761
19764
19766
19767
19771
19776
19781
19783
19787
19789
19791
19793
19795
19800
19805
19808
19811
19813
19814
19818
19822
19823
19826
19829
19833
19834
19837
19839
19841
19846
19847
19851
19856
19861
19862
19863
19866
19871
19876
19878
19882
19887
19892
19897
19901
19902
19903
19905
19906
19910
19915
19920
19925
19929
19931
19934
19938
19940
19943
19948
19951
19956
19958
19963
19965
19966
19968
19973
19977
19982
19987
19990
19994
19995
19996
19997
20000
20002
20006
20007
20012
20017
20018
20021
20023
20024
20027
20031
20033
20035
20039
20044
20045
20049
20054
20059
20064
20065
20066
20069
20074
20078
20080
20083
20088
20089
20091
20096
20098
20099
20100
20102
20104
20105
20109
20112
20117
20122
20125
20126
20131
20136
20141
20143
20148
20153
20157
20160
20165
20169
20174
20177
20179
20183
20187
20190
20191
20195
20196
20198
20201
20206
20211
20213
20217
20220
20225
20228
20232
20234
20239
20243
20244
20249
20252
20255
20256
20258
20261
20266
20270
20274
20276
20277
20282
20287
20291
20296
20301
20304
20305
20306
20311
20316
20319
20324
20325
20330
20335
20340
20342
20343
20345
20350
20353
20354
20355
20359
20360
20362
20365
20370
20375
20376
20380
20385
20388
20392
20395
20400
20405
20408
20410
20411
20415
20416
20420
20423
20427
20428
20430
20435
20437
20439
20444
20448
20453
20454
20456
20461
20466
20467
20470
20475
20477
20480
20484
20488
20491
20495
20496
20500
20502
20506
20510
20512
20515
20516
20520
20522
20525
20527
20532
20533
20537
20539
20542
20544
20547
20548
20553
20554
20558
20561
20563
20568
20572
20577
20578
20579
20583
20587
20589
20591
20593
20596
20598
20602
20606
20609
20611
20613
20618
20621
20624
20626
20630
20635
20639
20643
20648
20653
20657
20658
20659
20660
20662
20665
20667
20670
20671
20675
20676
20678
20681
20684
20685
20690
20695
20697
20700
20705
20708
20712
20714
20717
20722
20725
20730
20734
20738
20741
20743
20746
20749
20752
20755
20759
20761
20765
20766
20770
20775
20780
20783
20787
20790
20793
20798
20802
20805
20808
20812
20814
20819
20820
20825
20827
20830
20831
20836
20839
20842
20846
20847
20850
20853
20855
20860
20864
20867
20871
20872
20874
20876
20881
20886
20887
20892
20893
20895
20900
20903
20906
20911
20913
20918
20919
20921
20926
20928
20930
20934
20936
20939
20940
20945
20950
20953
20957
20962
20966
20967
20971
20972
20977
20978
20981
20983
20986
20990
20994
20995
20998
21001
21005
21009
21013
21017
21018
21020
21024
21027
21032
21034
21039
21041
21045
21047
21052
21055
21056
21057
21062
21064
21069
21071
21076
21078
21080
21081
21084
21089
21090
21093
21096
21099
21104
21109
21112
21114
21116
21117
21121
21125
21129
21132
21133
21134
21138
21142
21143
21145
21148
21150
21151
21155
21159
21161
21162
21164
21166
21171
21175
21177
21180
21181
21186
21187
21188
21189
21194
21195
21196
21198
21202
21207
21208
21212
21214
21215
21217
21222
21224
21225
21230
21231
21234
21235
21239
21240
21241
21244
21249
21250
21251
21254
21256
21259
21262
21263
21268
21272
21275
21278
21279
21284
21289
21294
21295
21300
21305
21306
21311
21312
21313
21317
21319
21322
21326
21328
21331
21333
21335
21336
21338
21342
21346
21349
21354
21355
21359
21361
21365
21366
21369
21370
21373
21375
21380
21381
21382
21385
21390
21391
21394
21395
21400
21403
21406
21407
21412
21417
21422
21424
21429
21431
21435
21438
21440
21442
21446
21450
21455
21458
21463
21468
21473
21478
21483
21487
21488
21490
21493
21495
21496
21499
21502
21506
21507
21510
21514
21515
21516
21520
21523
21528
21533
21535
21537
21541
21545
21547
21550
21552
21554
21558
21562
21566
21570
21571
21575
21578
21581
21585
21588
21591
21594
21598
21603
21605
21610
21615
21619
21621
21623
21626
21630
21635
21636
21638
21641
21643
21645
21646
21647
21651
21653
21654
21657
21659
21663
21667
21671
21674
21675
21677
21678
21680
21681
21686
21691
21692
21693
21695
21697
21702
21703
21704
21709
21711
21713
21714
21718
21723
21728
21729
21734
21738
21741
21746
21749
21750
21754
21755
21760
21763
21765
21769
21772
21774
21775
21780
21781
21785
21787
21788
21789
21793
21797
21798
21801
21804
21809
21811
21813
21815
21818
21821
21823
21825
21827
21832
21836
21841
21843
21845
21849
21850
21855
21858
21863
21867
21868
21873
21875
21879
21880
21884
21887
21892
21895
21897
21899
21901
21902
21907
21911
21916
21921
21926
21929
21930
21932
21937
21941
21945
21948
21953
21957
21960
21963
21966
21971
21975
21978
21979
21982
21987
21989
21994
21996
21999
22001
22003
22008
22009
22014
22018
22023
22027
22030
22031
22035
22036
22040
22044
22046
22047
22049
22053
22057
22059
22064
22065
22069
22070
22075
22076
22077
22081
22084
22089
22094
22099
22104
22106
22107
22109
22113
22118
22122
22125
22127
22132
22134
22135
22137
22142
22143
22146
22147
22152
22155
22159
22164
22168
22173
22176
22178
22181
22186
22191
22192
22196
22198
22201
22203
22205
22210
22215
22216
22219
22220
22225
22230
22231
22233
22234
22237
22239
22240
22241
22242
22243
22246
22251
22255
22257
22261
22263
22267
22270
22275
22280
22285
22290
22293
22298
22301
22305
22307
22310
22311
22312
22313
22316
22318
22322
22324
22329
22334
22337
22340
22342
22347
22350
22352
22355
22357
22358
22359
22361
22366
22371
22375
22377
22381
22385
22386
22389
22393
22394
22399
22400
22405
22410
22411
22415
22417
22419
22423
22425
22430
22431
22435
22438
22443
22444
22449
22452
22456
22459
22460
22464
22469
22472
22477
22479
22484
22486
22490
22494
22495
22499
22503
22505
22507
22510
22511
22516
22518
22523
22525
22528
22531
22536
22539
22540
22541
22543
22544
22549
22552
22554
22559
22562
22564
22567
22570
22575
22577
22580
22582
22583
22587
22588
22590
22592
22595
22599
22601
22605
22606
22608
22610
22615
22620
22625
22627
22632
22637
22639
22643
22648
22653
22654
22657
22662
22664
22665
22668
22672
22677
22682
22686
22691
22693
22695
22698
22702
22707
22711
22712
22715
22718
22719
22724
22728
22733
22734
22735
22739
22741
22745
22749
22751
22752
22754
22756
22758
22760
22765
22770
22772
22776
22778
22779
22780
22784
22787
22789
22793
22796
22801
22806
22811
22815
22819
22823
22827
22831
22836
22840
22845
22850
22854
22859
22860
22861
22866
22869
22873
22874
22877
22880
22881
22886
22889
22893
22894
22896
22897
22901
22902
22905
22910
22915
22917
22922
22923
22928
22931
22932
22937
22942
22947
22951
22954
22959
22960
22964
22968
22971
22975
22979
22980
22985
22987
22988
22989
22990
22992
22995
22996
23001
23006
23011
23016
23018
23020
23024
23028
23031
23034
23036
23040
23043
23047
23050
23051
23052
23056
23058
23059
23063
23066
23070
23074
23075
23079
23081
23085
23090
23095
23097
23099
23101
23105
23109
23112
23113
23118
23123
23128
23130
23135
23136
23140
23143
23145
23147
23148
23152
23156
23158
23160
23163
23168
23173
23175
23180
23182
23187
23191
23195
23198
23202
23203
23207
23208
23212
23213
23218
23223
23224
23226
23231
23235
23238
23242
23246
23251
23254
23259
23261
23264
23265
23269
23270
23272
23273
23276
23280
23282
23283
23287
23288
23290
23292
23295
23297
23298
23301
23303
23307
23309
23314
23315
23319
23322
23324
23329
23333
23336
23339
23343
23345
23347
23350
23354
23357
23360
23365
23368
23372
23376
23380
23385
23388
23391
23394
23396
23401
23403
23405
23409
23411
23412
23416
23420
23423
23426
23427
23428
23432
23436
23440
23443
23448
23451
23454
23455
23457
23462
23465
23467
23471
23476
23479
23481
23484
23485
23490
23492
23494
23497
23499
23501
23506
23509
23514
23516
23520
23521
23525
23527
23532
23535
23537
23542
23543
23546
23547
23552
23555
23558
23561
23566
23571
23573
23574
23579
23581
23585
23590
23593
23594
23595
23597
23600
23602
23606
23608
23610
23614
23617
23622
23624
23628
23631
23635
23638
23639
23642
23647
23650
23652
23657
23659
23664
23667
23669
23673
23678
23680
23682
23684
23688
23690
23695
23699
23700
23704
23708
23712
23713
23717
23722
23723
23726
23729
23732
23734
23739
23744
23749
23752
23754
23759
23764
23767
23769
23771
23774
23777
23782
23785
23789
23792
23794
23795
23799
23802
23803
23808
23809
23813
23815
23816
23821
23822
23825
23830
23833
23838
23842
23844
23845
23850
23853
23854
23858
23861
23866
23867
23872
23876
23877
23878
23882
23886
23888
23889
23893
23895
23896
23901
23903
23907
23911
23912
23914
23919
23921
23924
23926
23928
23931
23935
23936
23938
23943
23945
23946
23949
23954
23956
23959
23960
23965
23968
23973
23977
23978
23980
23982
23986
23988
23989
23992
23997
23999
24004
24008
24013
24016
24017
24019
24022
24025
24029
24034
24035
24037
24040
24045
24047
24050
24055
24056
24057
24062
24064
24065
24068
24070
24075
24078
24080
24083
24085
24088
24093
24095
24100
24102
24104
24107
24109
24113
24118
24122
24126
24128
24129
24132
24135
24140
24145
24147
24149
24152
24156
24158
24163
24168
24169
24170
24172
24173
24176
24180
24181
24184
24189
24194
24196
24199
24200
24202
24203
24208
24213
24215
24219
24221
24223
24228
24230
24231
24233
24238
24243
24247
24250
24252
24253
24254
24258
24262
24263
24264
24268
24269
24272
24277
24279
24280
24284
24287
24292
24295
24298
24299
24301
24303
24305
24307
24310
24311
24312
24314
24319
24324
24325
24328
24329
24334
24339
24340
24341
24346
24347
24350
24355
24360
24362
24366
24370
24372
24373
24376
24378
24379
24381
24384
24388
24392
24394
24396
24400
24403
24405
24406
24410
24413
24418
24420
24423
24427
24429
24430
24431
24434
24439
24441
24443
24446
24451
24453
24458
24460
24464
24465
24468
24470
24471
24475
24480
24484
24489
24490
24491
24494
24497
24498
24501
24506
24509
24511
24515
24520
24521
24524
24527
24531
24533
24538
24542
24545
24549
24551
24556
24557
24558
24561
24565
24569
24571
24576
24579
24583
24588
24589
24592
24594
24598
24600
24605
24610
24614
24619
24621
24624
24625
24626
24630
24634
24639
24640
24645
24650
24654
24655
24658
24661
24666
24671
24676
24681
24684
24689
24693
24698
24702
24705
24706
24708
24709
24714
24715
24719
24723
24724
24726
24730
24733
24734
24739
24740
24743
24745
24750
24751
24754
24755
24757
24760
24765
24766
24767
24769
24774
24779
24783
24788
24790
24792
24793
24798
24800
24803
24804
24808
24813
24818
24821
24826
24830
24833
24837
24842
24845
24848
24852
24857
24862
24863
24867
24869
24873
24878
24883
24888
24889
24891
24894
24896
24897
24901
24905
24906
24909
24911
24915
24920
24925
24929
24933
24936
24937
24940
24941
24944
24949
24952
24955
24959
24963
24967
24971
24973
24974
24979
24984
24989
24992
24995
25000
25002
25003
25005
25008
25013
25016
25018
25021
25026
25030
25033
25034
25038
25041
25046
25048
25053
25054
25057
25061
25065
25069
25070
25073
25075
25079
25081
25085
25090
25092
25097
25100
25105
25108
25112
25113
25114
25115
25118
25120
25124
25125
25130
25133
25135
25137
25139
25143
25146
25150
25151
25152
25153
25157
25161
25165
25166
25171
25174
25175
25176
25180
25183
25186
25189
25190
25194
25198
25201
25206
25207
25209
25214
25216
25218
25220
25225
25229
25233
25238
25239
25241
25243
25245
25247
25250
25254
25258
25260
25262
25267
25272
25277
25278
25281
25285
25286
25287
25290
25291
25293
25295
25296
25299
25301
25303
25306
25307
25310
25312
25317
25321
25323
25324
25328
25331
25332
25333
25334
25337
25339
25343
25345
25350
25355
25359
25360
25365
25369
25370
25373
25377
25379
25380
25383
25387
25392
25395
25399
25402
25405
25410
25413
25416
25417
25420
25421
25424
25426
25427
25430
25431
25435
25438
25443
25446
25447
25449
25450
25452
25455
25459
25461
25462
25463
25467
25472
25473
25476
25479
25482
25487
25488
25490
25492
25496
25499
25504
25507
25508
25513
25515
25519
25523
25525
25526
25531
25536
25537
25540
25545
25549
25553
25554
25555
25558
25559
25561
25564
25566
25569
25570
25574
25575
25579
25584
25589
25590
25592
25595
25599
25604
25609
25610
25613
25617
25621
25622
25624
25629
25633
25636
25640
25641
25643
25647
25651
25656
25657
25659
25664
25667
25670
25673
25675
25680
25683
25688
25689
25694
25699
25702
25705
25709
25710
25714
25717
25718
25720
25722
25726
25727
25729
25734
25739
25744
25749
25752
25753
25756
25759
25762
25766
25768
25771
25774
25779
25783
25785
25786
25787
25788
25791
25794
25798
25803
25807
25811
25815
25818
25822
25823
25825
25827
25828
25833
25838
25843
25846
25848
25850
25852
25856
25858
25862
25866
25870
25871
25876
25880
25884
25887
25891
25893
25895
25898
25901
25904
25905
25907
25912
25916
25918
25923
25928
25931
25934
25937
25941
25945
25949
25951
25954
25955
25960
25962
25965
25970
25971
25972
25974
25975
25977
25979
25982
25987
25988
25991
25996
26000
26005
26008
26011
26012
26017
26019
26024
26029
26030
26031
26034
26037
26039
26040
26041
26046
26051
26055
26060
26061
26062
26063
26064
26067
26068
26071
26072
26076
26081
26084
26086
26089
26091
26092
26093
26096
26097
26098
26102
26106
26107
26111
26116
26121
26124
26125
26128
26131
26136
26137
26138
26142
26147
26150
26155
26158
26161
26165
26170
26171
26172
26174
26179
26181
26182
26187
26192
26196
26201
26204
26209
26212
26217
26220
26224
26228
26233
26238
26242
26246
26248
26253
26254
26258
26263
26265
26266
26270
26275
26279
26280
26281
26286
26288
26293
26298
26303
26308
26313
26314
26319
26322
26327
26331
26336
26340
26344
26345
26348
26353
26358
26360
26365
26369
26371
26373
26376
26380
26385
26387
26389
26393
26397
26399
26404
26405
26406
26411
26413
26414
26416
26421
26425
26427
26429
26430
26433
26438
26439
26441
26446
26450
26454
26456
26457
26461
26464
26465
26470
26475
26476
26478
26479
26484
26487
26490
26493
26498
26502
26503
26507
26509
26510
26511
26512
26515
26516
26519
26522
26527
26529
26530
26532
26534
26538
26539
26540
26543
26544
26546
26547
26548
26549
26553
26558
26561
26562
26566
26568
26570
26573
26575
26577
26579
26583
26587
26589
26593
26597
26599
26600
26603
26608
26612
26613
26615
26618
26619
26622
26624
26626
26629
26631
26636
26637
26640
26644
26648
26653
26657
26661
26666
26668
26673
26676
26677
26678
26679
26683
26688
26691
26695
26698
26699
26700
26704
26706
26709
26713
26715
26717
26719
26723
26727
26730
26732
26734
26737
26741
26746
26748
26751
26754
26756
26758
26760
26765
26767
26772
26775
26780
26784
26786
26790
26791
26796
26798
26799
26800
26803
26808
26810
26811
26813
26817
26821
26822
26827
26830
26834
26839
26842
26847
26852
26855
26860
26863
26866
26871
26873
26878
26883
26885
26887
26891
26896
26897
26900
26902
26903
26908
26911
26914
26915
26919
26923
26928
26933
26934
26937
26938
26939
26942
26943
26948
26950
26954
26955
26956
26958
26960
26962
26965
26970
26972
26977
26980
26985
26987
26989
26993
26995
26996
27000
27004
27006
27008
27010
27011
27015
27016
27021
27024
27028
27030
27035
27038
27043
27047
27052
27057
27059
27062
27064
27067
27070
27075
27078
27080
27083
27086
27090
27095
27097
27098
27102
27107
27111
27114
27116
27117
27119
27122
27126
27131
27132
27136
27141
27142
27143
27145
27150
27154
27159
27164
27166
27169
27172
27177
27179
27184
27187
27191
27194
27196
27199
27203
27205
27210
27214
27215
27218
27220
27225
27230
27234
27239
27241
27246
27249
27251
27253
27257
27261
27262
27265
27270
27272
27275
27277
27279
27283
27284
27289
27292
27295
27297
27299
27300
27304
27306
27310
27315
27318
27320
27323
27324
27328
27331
27332
27333
27334
27339
27340
27345
27350
27352
27354
27357
27362
27366
27367
27372
27376
27379
27381
27383
27384
27389
27390
27395
27397
27399
27404
27408
27411
27416
27417
27419
27423
27424
27426
27429
27432
27435
27436
27439
27442
27446
27449
27450
27453
27454
27457
27460
27465
27468
27473
27477
27479
27484
27487
27492
27496
27501
27504
27509
27510
27514
27519
27524
27527
27530
27534
27539
27543
27548
27550
27555
27556
27557
27558
27561
27565
27567
27568
27571
27574
27577
27578
27579
27581
27583
27585
27588
27589
27592
27596
27598
27603
27607
27611
27613
27618
27621
27625
27628
27633
27635
27638
27643
27644
27647
27648
27652
27653
27658
27663
27665
27668
27671
27672
27677
27679
27683
27684
27685
27690
27693
27694
27699
27703
27704
27705
27710
27714
27715
27720
27723
27726
27729
27731
27734
27738
27743
27748
27749
27754
27758
27763
27765
27770
27772
27774
27776
27780
27782
27787
27791
27794
27799
27802
27803
27805
27810
27815
27817
27822
27826
27827
27830
27831
27835
27840
27843
27845
27850
27855
27857
27862
27866
27870
27873
27874
27876
27879
27882
27883
27888
27891
27892
27893
27898
27901
27906
27910
27914
27916
27918
27922
27923
27924
27926
27930
27931
27936
27941
27942
27947
27949
27953
27958
27962
27964
27969
27970
27971
27973
27975
27979
27983
27986
27989
27990
27994
27997
28002
28006
28007
28009
28010
28015
28019
28024
28029
28033
28037
28038
28042
28045
28046
28049
28050
28053
28054
28059
28062
28067
28068
28073
28075
28080
28083
28088
28090
28093
28096
28099
28103
28106
28107
28110
28115
28118
28120
28125
28127
28132
28136
28139
28142
28147
28152
28155
28157
28158
28162
28166
28170
28172
28174
28176
28178
28179
28183
28185
28187
28191
28196
28201
28202
28206
28210
28211
28216
28220
28224
28225
28227
28232
28236
28241
28244
28246
28247
28252
28255
28260
28263
28267
28270
28271
28276
28281
28285
28290
28294
28299
28302
28303
28304
28307
28310
28311
28313
28317
28321
28323
28324
28328
28331
28336
28339
28342
28343
28344
28347
28352
28354
28355
28356
28357
28358
28361
28365
28368
28370
28374
28379
28381
28382
28384
28386
28389
28392
28393
28398
28403
28404
28408
28411
28412
28415
28420
28425
28426
28428
28433
28435
28440
28445
28446
28450
28451
28452
28457
28461
28466
28467
28471
28473
28475
28476
28480
28483
28485
28490
28492
28496
28498
28500
28503
28508
28510
28511
28513
28516
28521
28525
28528
28529
28531
28534
28535
28540
28545
28546
28550
28553
28555
28560
28561
28564
28569
28574
28579
28583
28588
28592
28597
28598
28601
28603
28608
28612
28614
28615
28616
28620
28622
28627
28631
28632
28634
28637
28639
28641
28642
28646
28651
28653
28657
28659
28661
28662
28665
28667
28669
28672
28673
28675
28678
28680
28685
28686
28691
28695
28697
28698
28702
28707
28712
28714
28718
28723
28728
28729
28730
28735
28739
28742
28743
28745
28748
28751
28753
28755
28760
28765
28768
28770
28774
28775
28779
28781
28783
28787
28791
28792
28793
28797
28799
28800
28805
28808
28812
28817
28822
28826
28829
28830
28833
28838
28841
28843
28846
28850
28855
28859
28864
28866
28869
28871
28874
28878
28881
28886
28890
28891
28893
28898
28902
28906
28907
28912
28913
28917
28921
28922
28923
28926
28928
28932
28935
28936
28937
28938
28939
28940
28945
28946
28949
28952
28955
28959
28962
28964
28967
28972
28977
28980
28982
28985
28988
28992
28993
28995
28998
29003
29007
29011
29016
29021
29026
29027
29028
29031
29032
29036
29039
29044
29045
29050
29053
29058
29059
29060
29061
29062
29065
29068
29071
29075
29077
29082
29083
29086
29091
29094
29099
29104
29106
29110
29112
29113
29118
29121
29123
29128
29133
29137
29141
29144
29147
29152
29157
29158
29163
29167
29171
29174
29178
29180
29181
29182
29184
29185
29188
29189
29190
29195
29198
29203
29204
29205
29206
29210
29213
29217
29220
29224
29225
29228
29232
29237
29240
29242
29247
29252
29253
29254
29257
29260
29263
29267
29272
29273
29274
29277
29279
29281
29282
29283
29286
29290
29291
29296
29301
29303
29305
29310
29315
29319
29321
29323
29327
29330
29333
29336
29341
29345
29350
29355
29358
29361
29366
29369
29372
29375
29379
29380
29385
29387
29388
29389
29390
29391
29393
29398
29400
29403
29405
29406
29408
29409
29414
29418
29419
29422
29424
29427
29430
29435
29436
29441
29446
29451
29455
29457
29459
29461
29464
29466
29470
29473
29475
29478
29483
29485
29490
29491
29494
29499
29500
29502
29505
29508
29509
29513
29516
29521
29525
29530
29532
29537
29542
29547
29549
29552
29556
29561
29562
29566
29568
29572
29577
29579
29584
29585
29588
29592
29594
29598
29599
29600
29604
29607
29610
29614
29618
29620
29625
29628
29630
29631
29632
29636
29637
29639
29644
29647
29651
29652
29656
29659
29662
29666
29671
29676
29677
29681
29685
29690
29694
29699
29702
29703
29706
29710
29711
29713
29718
29723
29727
29728
29731
29734
29735
29738
29741
29745
29749
29754
29757
29759
29763
29765
29767
29769
29771
29772
29773
29778
29780
29782
29786
29788
29791
29793
29796
29799
29803
29807
29812
29817
29821
29824
29829
29833
29837
29841
29842
29847
29848
29851
29855
29856
29858
29861
29863
29867
29870
29873
29874
29879
29880
29882
29887
29892
29896
29899
29904
29906
29910
29911
29913
29918
29923
29926
29927
29930
29935
29939
29941
29944
29949
29954
29955
29956
29959
29963
29966
29970
29974
29976
29981
29983
29985
29988
29990
29993
29997
30002
30004
30009
30010
30015
30016
30018
30023
30025
30026
30031
30035
30040
30042
30043
30046
30047
30048
30052
30055
30060
30064
30067
30068
30073
30076
30077
30080
30083
30087
30090
30092
30096
30097
30098
30100
