0
2
3
7
12
17
22
24
29
34
38
41
46
48
51
54
56
61
62
65
67
68
73
78
82
85
87
90
91
92
95
98
100
105
109
110
113
114
116
118
120
125
129
133
137
141
144
148
153
156
160
165
170
172
177
180
181
182
185
186
190
192
197
200
201
204
206
207
212
215
216
221
222
224
228
231
233
238
242
246
250
254
255
260
264
267
272
275
280
285
286
287
288
292
294
298
299
300
304
305
309
313
318
322
327
330
331
334
337
341
342
347
352
356
360
365
367
370
375
378
383
387
389
392
397
402
405
408
412
413
414
417
420
424
426
428
429
432
433
436
439
440
443
444
449
453
454
458
461
462
465
466
469
474
478
483
486
491
494
499
502
503
507
509
511
512
515
519
521
523
524
527
528
531
533
535
540
541
544
548
551
553
556
557
561
565
566
567
569
573
574
577
578
581
586
587
590
592
595
599
600
604
607
612
613
615
620
624
629
634
636
638
639
644
648
652
653
656
661
663
666
668
672
673
674
675
677
681
682
686
689
693
695
700
705
708
712
716
717
718
722
723
726
731
733
735
738
740
745
749
753
757
761
763
764
765
770
772
774
778
782
784
789
794
797
801
805
806
811
815
816
820
821
825
826
830
835
837
841
845
847
848
853
858
860
864
869
873
877
880
884
886
890
894
896
900
904
908
910
915
920
925
928
930
932
936
937
942
944
949
951
954
958
962
965
970
971
972
977
982
985
987
989
993
997
998
1002
1004
1008
1011
1014
1015
1017
1019
1021
1025
1030
1033
1036
1041
1046
1047
1052
1056
1060
1062
1067
1072
1075
1079
1080
1081
1082
1085
1089
1092
1096
1097
1101
1105
1109
1114
1118
1120
1125
1128
1132
1136
1141
1146
1151
1156
1159
1162
1167
1171
1176
1177
1181
1185
1187
1192
1195
1197
1200
1204
1206
1207
1210
1212
1213
1215
1216
1219
1220
1224
1225
1227
1231
1236
1237
1242
1245
1247
1249
1252
1257
1260
1264
1267
1268
1270
1271
1273
1278
1279
1280
1284
1289
1294
1295
1297
1301
1303
1304
1305
1308
1313
1316
1321
1325
1326
1331
1334
1338
1339
1340
1341
1343
1345
1349
1350
1353
1357
1361
1365
1369
1370
1371
1375
1379
1383
1384
1388
1389
1390
1391
1396
1397
1402
1407
1410
1412
1416
1420
1424
1427
1431
1436
1438
1442
1446
1447
1448
1453
1458
1461
1466
1471
1475
1476
1478
1480
1484
1487
1492
1494
1499
1503
1504
1506
1509
1513
1518
1520
1521
1523
1528
1532
1534
1535
1536
1541
1542
1544
1546
1550
1553
1558
1559
1563
1565
1570
1575
1578
1580
1581
1586
1588
1593
1594
1597
1600
1602
1603
1605
1608
1610
1611
1613
1614
1617
1619
1622
1623
1624
1628
1632
1635
1636
1640
1645
1649
1651
1654
1658
1662
1667
1671
1675
1677
1681
1683
1684
1685
1689
1690
1693
1696
1697
1702
1705
1708
1710
1713
1716
1721
1722
1726
1730
1733
1735
1740
1744
1748
1752
1754
1756
1760
1762
1765
1766
1771
1776
1780
1785
1790
1791
1792
1795
1797
1801
1805
1806
1811
1812
1814
1817
1822
1827
1829
1831
1836
1840
1844
1849
1850
1852
1856
1859
1863
1864
1866
1868
1872
1875
1879
1880
1884
1887
1889
1892
1896
1898
1899
1903
1906
1909
1910
1911
1915
1919
1921
1925
1928
1932
1935
1938
1942
1947
1951
1955
1958
1963
1966
1967
1969
1970
1971
1975
1977
1978
1983
1987
1989
1992
1997
1999
2001
2002
2005
2006
2007
2012
2016
2018
2022
2025
2030
2034
2039
2044
2049
2054
2059
2060
2063
2065
2066
2067
2070
2071
2076
2079
2084
2085
2086
2091
2094
2095
2099
2104
2109
2111
2116
2117
2121
2125
2130
2132
2135
2138
2141
2146
2148
2153
2157
2159
2164
2169
2172
2177
2182
2187
2190
2194
2196
2201
2206
2209
2213
2214
2216
2217
2220
2225
2228
2229
2233
2237
2241
2246
2250
2255
2259
2261
2265
2268
2270
2271
2273
2277
2281
2284
2287
2292
2295
2299
2303
2308
2313
2316
2321
2325
2330
2333
2336
2337
2340
2341
2344
2348
2352
2354
2357
2359
2364
2365
2370
2373
2376
2378
2383
2385
2387
2389
2393
2397
2401
2402
2407
2408
2409
2412
2415
2420
2421
2423
2426
2431
2436
2437
2440
2443
2448
2449
2451
2452
2457
2461
2466
2468
2470
2472
2475
2477
2482
2483
2487
2488
2493
2498
2499
2503
2504
2506
2508
2511
2514
2516
2518
2521
2524
2528
2533
2537
2540
2544
2545
2548
2553
2554
2558
2562
2563
2568
2570
2574
2577
2582
2587
2588
2592
2596
2599
2601
2602
2605
2609
2610
2611
2612
2614
2617
2620
2624
2627
2632
2636
2639
2644
2649
2653
2657
2659
2662
2667
2671
2674
2679
2683
2684
2687
2689
2694
2699
2702
2704
2705
2709
2714
2715
2718
2719
2724
2725
2730
2735
2739
2743
2747
2752
2755
2757
2762
2764
2765
2767
2768
2773
2778
2781
2783
2786
2791
2795
2798
2799
2802
2806
2811
2816
2817
2819
2824
2829
2833
2835
2839
2840
2841
2843
2844
2847
2850
2854
2859
2864
2869
2872
2877
2878
2881
2884
2888
2889
2894
2896
2899
2900
2902
2907
2910
2913
2917
2922
2926
2927
2931
2936
2941
2944
2945
2947
2952
2957
2961
2963
2965
2970
2974
2978
2983
2987
2992
2993
2998
3001
3002
3006
3011
3012
3013
3014
3017
3019
3021
3025
3026
3027
3028
3033
3035
3040
3041
3043
3048
3051
3053
3058
3062
3065
3068
3072
3077
3080
3082
3087
3092
3094
3096
3099
3103
3108
3113
3116
3117
3119
3123
3128
3132
3137
3139
3141
3144
3148
3152
3154
3158
3163
3167
3168
3173
3174
3177
3178
3180
3181
3182
3184
3187
3191
3196
3197
3199
3204
3207
3212
3215
3220
3223
3226
3227
3230
3235
3237
3239
3240
3241
3244
3246
3250
3254
3257
3258
3262
3267
3271
3274
3275
3280
3281
3286
3290
3293
3298
3300
3304
3306
3309
3310
3314
3317
3318
3323
3327
3330
3331
3336
3341
3344
3346
3349
3354
3355
3356
3358
3361
3362
3367
3368
3372
3375
3378
3382
3387
3391
3396
3397
3401
3405
3408
3411
3415
3416
3418
3419
3424
3429
3431
3435
3437
3440
3442
3447
3452
3454
3458
3463
3465
3470
3474
3476
3479
3481
3485
3489
3494
3497
3501
3506
3508
3513
3517
3521
3525
3528
3533
3535
3536
3540
3541
3546
3548
3552
3557
3559
3562
3567
3570
3571
3574
3576
3580
3585
3590
3593
3595
3599
3604
3605
3606
3609
3610
3613
3618
3620
3625
3628
3630
3635
3638
3642
3644
3647
3652
3657
3661
3662
3666
3669
3674
3678
3679
3681
3683
3686
3690
3694
3696
3697
3698
3699
3700
3702
3705
3707
3712
3717
3722
3727
3730
3732
3735
3739
3744
3745
3746
3749
3754
3755
3758
3762
3764
3767
3771
3774
3779
3782
3787
3789
3792
3797
3802
3805
3807
3812
3815
3818
3819
3823
3828
3833
3835
3838
3839
3840
3844
3849
3852
3856
3861
3863
3867
3870
3871
3875
3877
3882
3884
3887
3891
3893
3895
3896
3899
3904
3909
3914
3916
3918
3923
3925
3930
3934
3936
3937
3939
3943
3948
3950
3954
3956
3960
3961
3966
3970
3974
3978
3979
3981
3983
3987
3990
3995
4000
4002
4007
4011
4013
4018
4021
4022
4025
4027
4030
4033
4037
4040
4042
4046
4047
4051
4052
4054
4059
4064
4065
4067
4069
4070
4075
4078
4083
4086
4087
4092
4096
4098
4103
4108
4110
4114
4115
4116
4117
4122
4123
4128
4129
4132
4135
4137
4141
4142
4143
4148
4150
4154
4155
4158
4162
4165
4168
4171
4172
4174
4176
4180
4182
4184
4185
4189
4191
4193
4198
4201
4205
4208
4209
4213
4214
4216
4219
4221
4225
4229
4233
4238
4242
4244
4247
4252
4255
4256
4259
4261
4266
4268
4272
4276
4279
4281
4284
4287
4292
4295
4297
4302
4303
4306
4311
4314
4318
4319
4324
4329
4334
4336
4340
4345
4349
4350
4352
4355
4357
4362
4366
4371
4374
4379
4381
4385
4386
4387
4388
4390
4393
4397
4398
4401
4402
4406
4409
4410
4411
4416
4420
4421
4422
4427
4429
4433
4434
4436
4438
4439
4440
4445
4450
4453
4458
4461
4465
4470
4474
4479
4482
4484
4488
4489
4493
4495
4498
4503
4507
4510
4514
4518
4521
4524
4526
4530
4535
4539
4540
4542
4547
4550
4554
4556
4561
4563
4564
4568
4569
4570
4574
4578
4582
4584
4586
4591
4596
4601
4602
4607
4611
4613
4618
4621
4625
4629
4633
4635
4636
4641
4642
4644
4645
4648
4649
4654
4659
4663
4668
4672
4677
4680
4682
4687
4688
4689
4691
4693
4698
4700
4705
4707
4709
4713
4718
4722
4726
4727
4730
4731
4735
4738
4743
4746
4747
4749
4752
4755
4759
4763
4767
4772
4773
4774
4778
4780
4784
4789
4794
4795
4800
4802
4805
4806
4811
4815
4819
4824
4829
4833
4835
4836
4840
4841
4842
4845
4846
4850
4852
4855
4860
4861
4865
4870
4872
4873
4875
4877
4879
4884
4889
4891
4893
4894
4899
4901
4906
4911
4912
4915
4916
4918
4923
4925
4927
4931
4935
4939
4944
4948
4952
4957
4962
4966
4968
4971
4974
4978
4982
4985
4988
4992
4995
4998
5000
5001
5003
5008
5013
5018
5020
5025
5030
5031
5036
5040
5042
5047
5050
5054
5056
5061
5064
5065
5067
5068
5072
5073
5077
5081
5084
5087
5092
5095
5096
5098
5103
5105
5107
5109
5112
5115
5117
5120
5124
5125
5126
5131
5136
5137
5140
5145
5147
5151
5155
5157
5159
5161
5162
5164
5168
5170
5174
5175
5180
5181
5184
5186
5191
5194
5199
5204
5205
5208
5212
5213
5218
5219
5224
5229
5233
5238
5241
5245
5249
5254
5256
5261
5264
5269
5274
5279
5281
5284
5289
5293
5294
5295
5299
5300
5304
5309
5310
5313
5317
5321
5323
5326
5331
5333
5338
5341
5343
5346
5349
5354
5358
5363
5367
5370
5374
5377
5380
5385
5388
5393
5394
5397
5401
5404
5409
5413
5417
5418
5421
5425
5429
5432
5435
5440
5445
5447
5450
5452
5457
5461
5465
5469
5470
5471
5473
5478
5480
5482
5483
5487
5489
5490
5493
5498
5501
5502
5504
5507
5512
5514
5519
5521
5523
5525
5529
5531
5536
5540
5543
5548
5550
5554
5555
5560
5563
5568
5570
5572
5574
5577
5579
5582
5587
5588
5593
5598
5599
5603
5604
5608
5612
5616
5620
5621
5625
5626
5627
5632
5636
5639
5643
5645
5646
5648
5651
5653
5654
5656
5660
5663
5666
5670
5673
5674
5677
5682
5683
5688
5692
5695
5699
5704
5708
5713
5718
5719
5721
5722
5724
5726
5729
5730
5735
5738
5739
5740
5744
5749
5750
5755
5758
5759
5764
5765
5768
5769
5771
5775
5777
5781
5783
5787
5790
5793
5794
5799
5804
5809
5812
5816
5819
5823
5827
5831
5836
5840
5841
5846
5851
5853
5854
5857
5858
5863
5866
5871
5875
5878
5880
5885
5890
5891
5892
5895
5899
5902
5905
5908
5912
5914
5918
5922
5926
5931
5935
5940
5945
5948
5949
5952
5956
5958
5959
5961
5965
5970
5974
5977
5982
5985
5987
5989
5993
5996
6000
6001
6005
6008
6009
6011
6014
6017
6022
6024
6029
6034
6035
6036
6038
6043
6046
6051
6052
6055
6059
6061
6063
6065
6066
6071
6072
6077
6082
6084
6089
6092
6097
6099
6100
6103
6108
6110
6112
6113
6115
6117
6119
6120
6122
6126
6128
6132
6136
6138
6142
6144
6148
6150
6155
6158
6160
6163
6166
6169
6170
6172
6173
6177
6182
6183
6185
6189
6191
6193
6198
6202
6204
6208
6210
6212
6217
6219
6222
6223
6225
6229
6232
6237
6238
6242
6245
6246
6249
6250
6253
6257
6258
6259
6261
6263
6267
6269
6270
6274
6279
6282
6284
6287
6290
6293
6298
6302
6307
6308
6310
6315
6317
6321
6322
6324
6327
6330
6334
6336
6337
6338
6341
6345
6346
6347
6349
6350
6352
6354
6355
6360
6363
6366
6370
6374
6376
6378
6380
6383
6384
6385
6389
6390
6395
6399
6402
6403
6407
6408
6413
6415
6417
6418
6419
6423
6427
6431
6434
6438
6442
6444
6448
6449
6451
6455
6458
6460
6463
6465
6469
6471
6474
6478
6480
6481
6485
6489
6491
6496
6501
6505
6506
6507
6509
6513
6514
6515
6516
6518
6522
6523
6526
6530
6533
6536
6537
6538
6539
6540
6543
6546
6548
6549
6551
6555
6558
6561
6566
6567
6569
6571
6574
6579
6581
6582
6587
6588
6592
6593
6594
6599
6604
6608
6610
6612
6617
6620
6621
6625
6626
6627
6629
6630
6635
6638
6643
6644
6647
6650
6651
6653
6656
6659
6664
6668
6670
6671
6675
6678
6680
6682
6684
6686
6691
6693
6694
6698
6703
6708
6712
6714
6719
6723
6728
6733
6734
6737
6738
6739
6742
6746
6751
6754
6758
6761
6765
6768
6769
6772
6773
6775
6777
6778
6779
6782
6787
6792
6796
6798
6803
6807
6810
6811
6812
6817
6821
6823
6827
6832
6835
6836
6837
6839
6842
6846
6849
6853
6855
6858
6861
6864
6865
6870
6873
6875
6876
6879
6883
6886
6887
6890
6892
6896
6897
6899
6904
6908
6913
6917
6918
6919
6920
6921
6923
6926
6928
6932
6936
6938
6942
6947
6949
6954
6958
6959
6961
6964
6968
6970
6973
6975
6976
6978
6983
6988
6993
6997
7002
7004
7006
7009
7013
7014
7018
7022
7027
7030
7033
7036
7038
7040
7041
7046
7051
7056
7061
7063
7064
7066
7068
7071
7074
7075
7077
7079
7081
7083
7086
7090
7095
7099
7102
7103
7104
7105
7106
7110
7112
7113
7117
7118
7121
7126
7130
7135
7139
7141
7145
7149
7154
7159
7162
7163
7166
7167
7168
7170
7173
7176
7179
7181
7183
7185
7189
7193
7198
7202
7205
7208
7210
7214
7218
7223
7227
7232
7237
7239
7241
7244
7248
7252
7253
7257
7258
7262
7265
7266
7271
7275
7276
7280
7283
7286
7288
7290
7295
7296
7299
7304
7308
7311
7313
7317
7321
7325
7326
7331
7334
7339
7344
7348
7352
7355
7360
7364
7367
7368
7369
7370
7375
7376
7381
7382
7383
7385
7389
7394
7396
7400
7403
7408
7411
7412
7413
7416
7418
7422
7424
7425
7429
7431
7433
7434
7436
7441
7445
7450
7454
7457
7458
7462
7467
7471
7474
7479
7484
7486
7491
7494
7498
7502
7507
7512
7516
7521
7525
7526
7531
7534
7536
7538
7542
7543
7545
7546
7547
7549
7554
7556
7560
7561
7565
7567
7569
7573
7578
7582
7584
7585
7588
7590
7594
7596
7599
7601
7606
7611
7614
7615
7618
7623
7627
7629
7632
7634
7638
7641
7645
7647
7649
7652
7654
7658
7659
7662
7665
7670
7674
7678
7682
7685
7689
7693
7695
7699
7703
7705
7708
7713
7716
7718
7720
7722
7727
7732
7735
7738
7740
7741
7744
7748
7751
7754
7757
7760
7762
7763
7766
7768
7772
7773
7776
7777
7778
7780
7784
7785
7789
7792
7794
7795
7799
7803
7806
7809
7814
7817
7819
7820
7824
7827
7831
7832
7837
7842
7845
7850
7853
7856
7859
7863
7867
7872
7877
7878
7879
7882
7885
7888
7890
7892
7895
7898
7903
7905
7909
7914
7918
7921
7925
7926
7929
7932
7935
7938
7943
7944
7949
7952
7954
7957
7961
7965
7967
7972
7976
7977
7982
7983
7988
7990
7992
7996
7999
8004
8006
8010
8014
8018
8022
8024
8027
8028
8030
8033
8038
8042
8043
8047
8048
8050
8055
8060
8065
8069
8071
8074
8077
8080
8082
8085
8087
8090
8095
8098
8102
8105
8109
8112
8113
8118
8122
8125
8126
8130
8133
8134
8138
8143
8147
8150
8155
8157
8159
8164
8169
8172
8173
8178
8179
8182
8184
8187
8189
8192
8196
8199
8201
8206
8208
8213
8218
8223
8224
8226
8229
8231
8232
8234
8238
8239
8240
8245
8250
8254
8257
8259
8261
8263
8267
8271
8276
8277
8282
8287
8292
8293
8295
8297
8299
8301
8303
8304
8307
8309
8313
8315
8320
8325
8330
8335
8338
8340
8341
8342
8343
8345
8347
8350
8355
8359
8364
8367
8372
8373
8378
8380
8384
8386
8387
8392
8395
8396
8400
8401
8405
8410
8414
8416
8417
8420
8425
8429
8431
8433
8438
8441
8443
8447
8450
8451
8453
8455
8460
8464
8466
8469
8473
8476
8481
8482
8485
8488
8493
8498
8499
8502
8507
8511
8516
8520
8521
8522
8525
8530
8533
8538
8539
8544
8548
8553
8557
8561
8563
8566
8571
8574
8579
8583
8585
8590
8594
8598
8601
8606
8611
8616
8621
8623
8625
8626
8631
8632
8636
8639
8641
8642
8645
8650
8651
8654
8656
8657
8658
8663
8666
8671
8674
8678
8680
8684
8688
8693
8696
8699
8701
8704
8705
8706
8710
8714
8719
8720
8723
8725
8726
8727
8730
8734
8736
8737
8742
8745
8748
8750
8754
8759
8762
8765
8767
8772
8773
8774
8778
8781
8782
8785
8789
8790
8793
8794
8796
8801
8802
8806
8811
8812
8816
8817
8820
8822
8827
8830
8833
8835
8837
8840
8845
8848
8853
8858
8862
8863
8864
8868
8872
8877
8882
8886
8891
8894
8897
8902
8907
8908
8912
8913
8915
8917
8918
8922
8926
8929
8931
8932
8935
8939
8940
8944
8946
8948
8952
8953
8956
8958
8959
8964
8966
8967
8968
8971
8973
8978
8979
8983
8988
8993
8996
8997
9001
9006
9008
9013
9017
9022
9026
9028
9032
9037
9042
9043
9047
9051
9055
9060
9063
9064
9067
9071
9075
9079
9082
9084
9087
9089
9093
9095
9100
9102
9103
9108
9113
9115
9119
9120
9124
9128
9133
9136
9137
9142
9143
9148
9151
9154
9158
9159
9162
9164
9167
9170
9173
9177
9181
9184
9187
9189
9190
9194
9198
9200
9205
9210
9212
9215
9216
9221
9223
9225
9227
9232
9235
9239
9242
9243
9245
9249
9250
9255
9258
9259
9260
9262
9266
9270
9271
9276
9280
9285
9286
9288
9291
9296
9299
9300
9305
9309
9313
9315
9318
9321
9323
9324
9325
9327
9329
9334
9339
9340
9342
9345
9350
9351
9353
9355
9359
9363
9367
9370
9374
9377
9378
9381
9383
9384
9389
9392
9393
9395
9400
9401
9405
9406
9410
9413
9414
9416
9418
9420
9422
9426
9429
9434
9435
9438
9440
9445
9448
9450
9454
9458
9463
9467
9469
9470
9475
9479
9483
9488
9492
9496
9497
9500
9505
9506
9507
9511
9513
9514
9519
9524
9526
9531
9536
9541
9542
9547
9551
9553
9556
9558
9563
9564
9567
9571
9576
9581
9582
9585
9586
9590
9592
9593
9596
9597
9599
9604
9609
9613
9617
9621
9624
9625
9630
9634
9639
9644
9649
9652
9653
9654
9656
9658
9662
9664
9666
9669
9670
9673
9675
9677
9680
9681
9682
9684
9689
9694
9696
9700
9705
9707
9712
9713
9718
9723
9726
9728
9732
9735
9738
9739
9742
9745
9749
9753
9755
9759
9761
9764
9767
9770
9772
9773
9774
9779
9780
9782
9784
9788
9791
9796
9801
9805
9806
9808
9809
9812
9815
9817
9819
9822
9823
9828
9831
9833
9837
9841
9844
9846
9847
9848
9853
9855
9858
9859
9860
9864
9868
9871
9875
9877
9878
9882
9887
9892
9894
9897
9901
9902
9906
9909
9910
9913
9918
9922
9923
9927
9929
9934
9935
9938
9940
9943
9945
9946
9950
9952
9956
9959
9961
9965
9966
9967
9969
9971
9972
9977
9981
9983
9988
9992
9997
10001
10002
10007
10012
10014
10015
10017
10022
10025
10026
10029
10033
10034
10035
10037
10040
10044
10046
10050
10051
10052
10053
10057
10061
10062
10063
10065
10068
10071
10072
10075
10079
10080
10082
10087
10089
10090
10094
10097
10099
10103
10105
10106
10111
10114
10116
10118
10120
10124
10125
10127
10131
10135
10140
10141
10142
10147
10152
10153
10158
10160
10165
10167
10170
10172
10177
10180
10184
10187
10191
10193
10194
10199
10201
10203
10204
10206
10207
10211
10213
10217
10219
10220
10221
10225
10227
10228
10233
10238
10240
10241
10244
10248
10249
10253
10256
10261
10266
10267
10271
10272
10277
10278
10282
10283
10286
10289
10292
10297
10299
10303
10306
10309
10311
10312
10317
10319
10324
10327
10332
10335
10337
10338
10341
10342
10345
10350
10354
10356
10357
10358
10361
10365
10370
10371
10373
10375
10380
10385
10388
10390
10392
10393
10398
10403
10404
10408
10410
10412
10416
10417
10418
10419
10424
10428
10431
10432
10437
10441
10445
10449
10450
10453
10457
10461
10463
10465
10468
10470
10471
10472
10475
10476
10477
10479
10484
10488
10491
10494
10498
10500
10503
10505
10506
10507
10510
10515
10519
10524
10528
10532
10533
10536
10538
10541
10546
10550
10552
10556
10558
10559
10563
10564
10567
10571
10576
10580
10584
10587
10589
10593
10597
10601
10603
10604
10608
10612
10615
10618
10622
10625
10629
10630
10635
10640
10644
10645
10649
10653
10658
10659
10664
10669
10670
10671
10672
10677
10678
10682
10687
10689
10691
10694
10696
10701
10702
10707
10710
10713
10717
10718
10720
10725
10730
10735
10739
10742
10743
10748
10751
10756
10757
10761
10764
10765
10769
10774
10778
10780
10785
10786
10790
10794
10795
10797
10799
10800
10805
10807
10811
10816
10821
10823
10825
10827
10832
10833
10837
10842
10843
10844
10847
10851
10856
10858
10861
10864
10865
10866
10871
10872
10877
10881
10884
10889
10891
10894
10897
10901
10904
10905
10907
10908
10913
10914
10918
10921
10924
10926
10928
10933
10936
10940
10942
10945
10948
10951
10954
10958
10961
10963
10966
10970
10971
10972
10976
10980
10985
10990
10991
10993
10997
11002
11005
11008
11010
11011
11015
11019
11024
11025
11028
11033
11036
11041
11042
11045
11047
11049
11051
11054
11055
11060
11064
11069
11071
11076
11078
11080
11081
11083
11085
11088
11091
11096
11100
11104
11108
11112
11114
11116
11118
11120
11121
11125
11127
11129
11130
11135
11136
11141
11145
11150
11152
11153
11157
11160
11165
11170
11173
11174
11177
11178
11181
11185
11187
11188
11190
11195
11198
11203
11207
11211
11216
11221
11225
11230
11234
11238
11243
11248
11253
11256
11258
11259
11263
11264
11267
11272
11276
11278
11283
11285
11287
11291
11296
11298
11303
11304
11306
11311
11315
11319
11324
11329
11332
11333
11336
11337
11339
11344
11345
11346
11348
11351
11356
11359
11361
11364
11366
11370
11372
11374
11375
11380
11385
11387
11392
11395
11398
11399
11401
11402
11407
11412
11414
11416
11417
11421
11422
11424
11427
11431
11433
11434
11436
11441
11443
11447
11452
11455
11459
11463
11467
11471
11473
11476
11477
11478
11481
11486
11491
11495
11500
11503
11505
11510
11511
11515
11518
11523
11526
11530
11534
11538
11541
11544
11545
11547
11550
11555
11559
11563
11567
11568
11572
11573
11578
11580
11585
11586
11587
11589
11591
11596
11597
11600
11601
11604
11605
11610
11613
11617
11619
11621
11622
11623
11627
11632
11637
11639
11644
11647
11652
11656
11660
11664
11666
11668
11672
11673
11676
11677
11678
11682
11684
11687
11691
11693
11694
11697
11700
11702
11707
11708
11710
11713
11714
11715
11720
11721
11722
11727
11730
11733
11736
11739
11742
11746
11751
11755
11756
11758
11763
11765
11766
11771
11773
11776
11779
11783
11786
11791
11794
11798
11801
11805
11807
11811
11815
11818
11821
11822
11826
11828
11831
11832
11837
11839
11844
11845
11850
11852
11854
11857
11858
11859
11863
11867
11869
11874
11876
11881
11884
11886
11887
11891
11895
11900
11901
11905
11909
11911
11913
11918
11922
11924
11926
11928
11930
11934
11938
11942
11945
11948
11951
11952
11956
11960
11963
11965
11969
11972
11973
11975
11977
11979
11984
11989
11993
11996
11999
12001
12006
12009
12014
12018
12020
12022
12023
12028
12032
12036
12037
12041
12043
12046
12051
12052
12053
12056
12058
12062
12065
12068
12073
12077
12078
12079
12080
12081
12083
12084
12085
12087
12091
12094
12095
12096
12100
12103
12107
12110
12113
12115
12118
12123
12125
12126
12127
12131
12134
12137
12138
12140
12143
12144
12149
12153
12157
12161
12165
12169
12174
12177
12180
12185
12189
12193
12194
12197
12201
12202
12204
12207
12210
12214
12218
12221
12225
12228
12231
12232
12236
12240
12244
12249
12252
12255
12257
12260
12265
12266
12270
12271
12274
12278
12282
12287
12292
12294
12296
12298
12300
12302
12306
12311
12314
12316
12320
12323
12327
12332
12333
12335
12340
12342
12345
12350
12352
12354
12359
12361
12366
12371
12372
12373
12377
12379
12381
12385
12390
12392
12395
12399
12400
12403
12406
12407
12410
12414
12418
12419
12424
12426
12430
12432
12436
12439
12440
12442
12445
12450
12453
12456
12460
12462
12466
12469
12474
12475
12480
12485
12486
12489
12492
12497
12500
12502
12505
12510
12512
12514
12519
12523
12524
12528
12529
12531
12536
12540
12541
12543
12547
12549
12554
12558
12563
12565
12568
12571
12576
12580
12581
12582
12583
12584
12585
12590
12595
12600
12602
12606
12611
12616
12621
12622
12624
12629
12634
12637
12640
12644
12647
12648
12651
12656
12659
12661
12662
12663
12668
12672
12677
12679
12683
12688
12691
12692
12694
12697
12698
12701
12703
12706
12707
12710
12715
12718
12720
12723
12727
12730
12735
12736
12740
12743
12745
12748
12751
12754
12755
12760
12765
12767
12768
12772
12775
12776
12777
12779
12784
12788
12791
12796
12798
12803
12805
12808
12811
12815
12817
12820
12822
12825
12829
12831
12835
12838
12839
12841
12845
12849
12854
12855
12859
12861
12865
12869
12872
12873
12875
12876
12880
12884
12887
12889
12890
12893
12897
12902
12904
12905
12906
12908
12909
12913
12914
12916
12920
12923
12924
12927
12932
12933
12936
12937
12940
12943
12945
12948
12953
12955
12960
12962
12967
12970
12975
12977
12982
12984
12987
12990
12995
12998
13003
13007
13010
13011
13013
13017
13022
13027
13029
13032
13035
13036
13039
13040
13044
13045
13050
13052
13055
13056
13059
13063
13068
13069
13073
13075
13077
13081
13083
13084
13088
13093
13095
13099
13104
13109
13112
13117
13121
13122
13127
13132
13134
13139
13143
13145
13148
13149
13151
13154
13159
13163
13165
13170
13172
13175
13177
13180
13184
13188
13189
13193
13194
13197
13200
13204
13208
13213
13216
13219
13222
13224
13226
13229
13230
13232
13233
13238
13242
13246
13247
13252
13255
13260
13265
13269
13274
13276
13278
13282
13287
13289
13291
13294
13298
13299
13300
13304
13306
13310
13314
13315
13319
13320
13325
13326
13329
13331
13332
13333
13335
13339
13341
13342
13344
13349
13352
13357
13359
13364
13367
13372
13376
13379
13382
13383
13388
13392
13393
13398
13399
13404
13408
13412
13416
13420
13422
13427
13429
13433
13436
13438
13443
13446
13449
13452
13456
13461
13466
13468
13469
13471
13473
13477
13480
13481
13483
13486
13488
13493
13494
13497
13499
13500
13504
13505
13507
13510
13515
13516
13521
13524
13527
13532
13537
13539
13542
13543
13548
13551
13555
13556
13560
13561
13563
13568
13573
13578
13583
13585
13589
13592
13594
13595
13597
13599
13604
13609
13611
13613
13618
13621
13626
13630
13635
13637
13639
13642
13647
13652
13657
13661
13662
13667
13668
13669
13673
13677
13681
13685
13686
13687
13691
13695
13699
13701
13704
13708
13713
13714
13718
13720
13723
13725
13727
13732
13733
13734
13735
13740
13743
13747
13749
13754
13757
13762
13764
13769
13770
13772
13774
13778
13781
13786
13791
13794
13796
13801
13802
13805
13809
13813
13816
13819
13824
13827
13832
13836
13840
13842
13846
13849
13850
13854
13859
13862
13867
13872
13877
13881
13886
13888
13890
13892
13896
13897
13898
13903
13904
13907
13908
13910
13915
13917
13922
13923
13927
13929
13930
13931
13936
13941
13944
13948
13951
13953
13958
13959
13964
13969
13971
13972
13974
13977
13980
13981
13983
13984
13985
13990
13992
13997
14000
14004
14005
14009
14014
14018
14023
14024
14027
14032
14033
14037
14040
14041
14044
14046
14050
14055
14059
14062
14063
14064
14069
14074
14075
14076
14081
14084
14087
14088
14092
14096
14099
14102
14107
14111
14114
14119
14122
14125
14129
14134
14138
14139
14140
14144
14148
14152
14157
14162
14163
14168
14173
14174
14178
14183
14184
14186
14189
14191
14192
14197
14199
14201
14206
14211
14213
14214
14216
14218
14222
14223
14224
14226
14230
14232
14236
14237
14238
14243
14244
14248
14251
14252
14254
14259
14264
14267
14270
14272
14274
14278
14279
14284
14289
14293
14297
14299
14304
14308
14310
14313
14314
14317
14320
14325
14328
14332
14334
14339
14342
14345
14349
14350
14351
14355
14359
14363
14366
14368
14369
14372
14377
14379
14381
14386
14391
14396
14397
14398
14401
14406
14409
14414
14419
14422
14423
14428
14430
14435
14439
14443
14447
14450
14453
14457
14462
14466
14470
14475
14479
14481
14482
14485
14488
14492
14497
14501
14506
14507
14508
14513
14514
14516
14521
14524
14528
14529
14534
14539
14540
14545
14548
14549
14551
14553
14557
14560
14565
14570
14572
14575
14577
14582
14584
14585
14587
14588
14591
14592
14597
14599
14601
14604
14606
14609
14611
14612
14617
14619
14624
14627
14632
14634
14639
14641
14644
14648
14649
14654
14657
14662
14663
14664
14669
14671
14674
14676
14677
14680
14681
14684
14687
14688
14692
14693
14695
14699
14700
14704
14709
14714
14719
14722
14725
14726
14729
14730
14731
14735
14738
14739
14743
14744
14748
14751
14753
14755
14760
14761
14764
14765
14768
14773
14778
14782
14784
14788
14792
14794
14796
14801
14806
14808
14809
14812
14813
14814
14816
14821
14826
14827
14829
14830
14834
14838
14843
14844
14847
14849
14852
14854
14856
14858
14863
14867
14872
14876
14881
14883
14886
14888
14890
14891
14893
14895
14899
14903
14908
14912
14915
14917
14920
14921
14922
14924
14929
14930
14932
14936
14939
14942
14943
14944
14946
14949
14953
14954
14955
14957
14958
14960
14962
14966
14967
14972
14974
14976
14979
14984
14989
14993
14997
14999
15000
15004
15007
15008
15009
15013
15018
15023
15024
15025
15027
15029
15031
15035
15038
15039
15044
15049
15051
15052
15054
15056
15058
15062
15063
15066
15071
15075
15076
15080
15083
15084
15085
15087
15090
15092
15094
15096
15100
15103
15106
15110
15113
15118
15123
15128
15129
15131
15136
15141
15146
15151
15154
15156
15158
15162
15164
15169
15174
15179
15182
15185
15190
15195
15198
15201
15205
15206
15209
15213
15218
15223
15228
15230
15234
15236
15240
15243
15244
15246
15249
15253
15257
15259
15260
15262
15263
15268
15272
15274
15275
15277
15280
15284
15289
15294
15296
15300
15304
15305
15310
15313
15315
15316
15318
15320
15325
15330
15335
15339
15343
15344
15348
15350
15354
15358
15362
15363
15368
15372
15376
15379
15380
15383
15384
15386
15389
15393
15396
15400
15401
15405
15410
15413
15417
15419
15423
15426
15430
15434
15436
15440
15442
15447
15450
15453
15456
15460
15461
15466
15469
15470
15475
15478
15480
15484
15488
15493
15498
15503
15508
15512
15514
15519
15520
15521
15526
15529
15534
15535
15538
15539
15541
15546
15549
15554
15558
15563
15566
15567
15570
15572
15575
15576
15580
15584
15587
15589
15591
15592
15595
15600
15604
15608
15611
15614
15615
15617
15620
15625
15626
15628
15632
15637
15642
15644
15648
15649
15651
15654
15657
15661
15663
15668
15669
15671
15673
15676
15678
15683
15687
15688
15690
15692
15693
15695
15696
15701
15704
15705
15709
15713
15717
15721
15725
15728
15732
15734
15738
15740
15745
15748
15752
15754
15757
15759
15762
15763
15767
15769
15771
15773
15777
15782
15783
15788
15791
15792
15797
15799
15802
15803
15805
15808
15813
15816
15817
15822
15827
15832
15835
15840
15841
15845
15847
15851
15853
15858
15863
15868
15869
15870
15873
15876
15881
15882
15883
15887
15888
15893
15898
15901
15904
15909
15910
15915
15919
15921
15924
15928
15930
15933
15938
15943
15946
15951
15954
15955
15959
15962
15965
15967
15970
15973
15977
15979
15980
15984
15986
15991
15994
15999
16000
16002
16006
16009
16010
16011
16012
16016
16017
16019
16022
16026
16030
16032
16036
16038
16043
16048
16053
16056
16061
16065
16069
16071
16075
16077
16081
16084
16087
16092
16095
16098
16100
16105
16108
16113
16115
16119
16123
16126
16127
16128
16133
16134
16137
16138
16142
16146
16149
16150
16154
16156
16161
16165
16170
16175
16180
16181
16182
16185
16190
16195
16199
16202
16207
16209
16210
16213
16214
16216
16218
16222
16223
16226
16228
16229
16231
16233
16237
16238
16242
16244
16246
16249
16254
16256
16261
16262
16265
16266
16271
16274
16275
16276
16280
16281
16286
16290
16295
16297
16301
16303
16307
16310
16312
16314
16317
16319
16321
16326
16328
16333
16335
16340
16343
16347
16352
16355
16359
16363
16367
16370
16374
16376
16380
16384
16389
16391
16395
16399
16402
16405
16410
16412
16416
16419
16420
16422
16426
16429
16434
16436
16440
16444
16449
16450
16451
16452
16454
16455
16460
16465
16466
16467
16470
16471
16472
16474
16477
16482
16485
16486
16489
16494
16496
16499
16501
16504
16505
16506
16508
16512
16514
16518
16523
16528
16533
16535
16540
16544
16547
16549
16550
16554
16559
16561
16564
16569
16570
16575
16578
16580
16581
16586
16589
16592
16597
16598
16602
16606
16609
16611
16614
16615
16616
16617
16621
16624
16627
16632
16636
16638
16641
16645
16650
16653
16657
16662
16666
16669
16673
16676
16677
16680
16682
16683
16688
16691
16694
16699
16702
16707
16712
16717
16718
16723
16728
16731
16732
16733
16736
16738
16742
16744
16746
16747
16749
16751
16755
16757
16758
16763
16764
16765
16767
16772
16776
16777
16779
16782
16786
16791
16793
16798
16800
16802
16806
16807
16810
16811
16812
16813
16815
16818
16821
16824
16829
16833
16835
16840
16844
16845
16849
16853
16858
16863
16868
16873
16876
16878
16879
16882
16887
16888
16893
16896
16899
16904
16909
16910
16911
16916
16921
16926
16931
16932
16933
16934
16939
16944
16945
16950
16953
16957
16960
16962
16963
16967
16969
16970
16975
16977
16981
16982
16983
16984
16986
16987
16991
16992
16994
16998
17003
17007
17011
17012
17013
17016
17019
17022
17025
17028
17031
17034
17035
17036
17038
17042
17046
17049
17053
17054
17056
17060
17062
17066
17069
17072
17077
17081
17084
17089
17093
17098
17103
17105
17108
17112
17116
17121
17124
17126
17130
17133
17137
17138
17143
17144
17146
17149
17152
17155
17160
17165
17166
17170
17172
17177
17180
17185
17190
17194
17199
17202
17206
17211
17214
17217
17222
17225
17228
17230
17233
17238
17240
17245
17250
17253
17255
17257
17258
17260
17262
17266
17268
17270
17274
17275
17277
17281
17285
17289
17292
17296
17299
17301
17306
17311
17312
17317
17320
17322
17327
17332
17337
17341
17342
17347
17350
17354
17358
17359
17361
17362
17365
17368
17373
17375
17379
17384
17389
17394
17399
17403
17407
17409
17410
17413
17414
17416
17421
17422
17424
17429
17433
17434
17436
17439
17443
17447
17449
17451
17452
17453
17455
17459
17463
17467
17471
17476
17480
17484
17489
17494
17495
17496
17499
17503
17505
17510
17513
17515
17516
17520
17525
17530
17531
17535
17536
17538
17540
17542
17543
17547
17548
17551
17556
17559
17563
17566
17569
17574
17577
17582
17586
17589
17590
17595
17598
17601
17602
17603
17606
17610
17611
17614
17615
17618
17619
17621
17625
17628
17629
17632
17633
17636
17641
17646
17649
17652
17655
17659
17661
17662
17667
17671
17675
17679
17683
17687
17689
17694
17699
17703
17707
17708
17713
17714
17715
17719
17720
17722
17725
17729
17731
17732
17736
17740
17744
17749
17753
17755
17759
17763
17766
17771
17775
17779
17782
17786
17787
17792
17796
17801
17803
17804
17809
17811
17814
17817
17821
17825
17827
17830
17831
17833
17837
17838
17843
17844
17847
17849
17850
17855
17858
17861
17866
17871
17874
17877
17878
17882
17885
17889
17890
17893
17897
17901
17903
17905
17906
17910
17915
17917
17918
17920
17922
17924
17925
17926
17929
17934
17937
17942
17945
17950
17953
17956
17959
17960
17962
17966
17968
17970
17974
17975
17976
17980
17983
17985
17990
17994
17998
18001
18005
18007
18012
18016
18019
18024
18026
18031
18035
18038
18043
18047
18052
18054
18057
18062
18067
18071
18072
18077
18081
18083
18088
18090
18095
18098
18103
18106
18110
18113
18118
18119
18123
18125
18126
18130
18134
18136
18139
18140
18141
18145
18150
18153
18156
18158
18162
18166
18171
18173
18174
18176
18180
18185
18189
18192
18197
18198
18203
18208
18211
18214
18217
18221
18223
18226
18228
18229
18230
18232
18233
18235
18236
18240
18244
18249
18250
18252
18257
18259
18260
18261
18262
18263
18266
18270
18274
18279
18282
18285
18288
18292
18295
18300
18302
18305
18306
18311
18313
18317
18318
18322
18324
18328
18332
18334
18337
18338
18343
18346
18350
18353
18358
18362
18365
18369
18372
18373
18376
18381
18382
18386
18388
18389
18393
18398
18403
18406
18408
18410
18411
18413
18418
18421
18424
18428
18429
18432
18436
18437
18441
18445
18447
18449
18452
18455
18456
18458
18460
18462
18465
18467
18470
18472
18476
18481
18485
18488
18490
18495
18497
18498
18499
18503
18505
18509
18512
18516
18518
18519
18524
18525
18529
18531
18534
18536
18540
18542
18543
18544
18549
18553
18557
18562
18564
18566
18570
18572
18577
18582
18586
18591
18594
18595
18599
18600
18602
18604
18609
18611
18615
18619
18621
18625
18627
18629
18630
18631
18632
18635
18637
18638
18639
18640
18643
18644
18648
18649
18652
18655
18660
18661
18664
18665
18669
18671
18673
18678
18680
18683
18686
18690
18695
18699
18700
18704
18708
18712
18713
18714
18719
18720
18721
18723
18726
18731
18734
18735
18736
18737
18741
18745
18748
18750
18752
18754
18759
18760
18765
18770
18771
18774
18776
18781
18786
18789
18791
18792
18793
18797
18798
18799
18803
18804
18805
18806
18807
18811
18814
18816
18820
18825
18829
18833
18834
18835
18836
18838
18841
18844
18848
18852
18857
18858
18861
18863
18866
18871
18875
18877
18879
18883
18888
18892
18897
18900
18905
18907
18910
18913
18915
18920
18923
18924
18926
18931
18933
18937
18942
18944
18946
18948
18953
18955
18957
18959
18963
18965
18970
18971
18972
18976
18980
18982
18985
18987
18990
18991
18994
18998
19003
19007
19009
19010
19014
19019
19020
19022
19024
19026
19028
19030
19031
19036
19038
19040
19042
19044
19045
19049
19053
19055
19056
19057
19059
19062
19065
19069
19073
19077
19079
19083
19086
19091
19094
19096
19099
19101
19105
19110
19115
19117
19121
19125
19126
19130
19131
19135
19136
19138
19141
19142
19146
19150
19155
19159
19162
19163
19165
19170
19173
19177
19179
19184
19189
19192
19193
19198
19199
19200
19202
19204
19208
19213
19214
19216
19219
19221
19225
19230
19235
19237
19241
19242
19245
19247
19249
19252
19254
19257
19262
19263
19268
19269
19274
19276
19280
19285
19289
19290
19295
19298
19300
19302
19305
19307
19311
19313
19314
19317
19318
19322
19325
19327
19331
19336
19341
19342
19345
19350
19351
19356
19360
19364
19369
19371
19372
19377
19380
19384
19385
19389
19392
19395
19400
19402
19404
19406
19407
19411
19412
19417
19422
19424
19425
19427
19429
19433
19438
19439
19440
19445
19448
19450
19453
19455
19456
19460
19465
19467
19469
19472
19474
19477
19481
19482
19483
19485
19488
19491
19495
19497
19501
19504
19508
19513
19516
19519
19522
19524
19526
19530
19535
19537
19542
19543
19544
19547
19548
19552
19556
19558
19559
19561
19562
19566
19568
19573
19578
19580
19585
19586
19588
19591
19596
19597
19601
19605
19610
19613
19615
19616
19621
19626
19631
19633
19636
19639
19641
19644
19648
19649
19654
19656
19658
19659
19660
19662
19665
19666
19668
19671
19672
19677
19681
19683
19684
19685
19690
19695
19699
19700
19702
19707
19711
19715
19716
19719
19723
19726
19727
19728
19729
19734
19736
19739
19744
19745
19748
19751
19752
19755
19759
19763
19764
19768
19772
19775
19776
19780
19782
19787
19792
19794
19795
19799
19800
19801
19806
19811
19813
19818
19823
19824
19825
19828
19832
19833
19837
19841
19844
19848
19851
19855
19859
19862
19866
19867
19868
19872
19876
19877
19880
19883
19888
19892
19896
19899
19901
19902
19903
19908
19913
19916
19919
19922
19926
19929
19930
19932
19937
19941
19944
19945
19946
19950
19954
19958
19963
19968
19970
19971
19975
19978
19979
19982
19983
19987
19989
19992
19996
20000
20003
20006
20010
20012
20014
20015
20019
20021
20026
20027
20030
20032
20033
20037
20042
20045
20049
20053
20057
20060
20064
20067
20068
20072
20074
20079
20083
20088
20091
20094
20099
20101
20102
20105
20109
20114
20115
20119
20124
20126
20127
20130
20133
20134
20138
20142
20143
20146
20151
20154
20157
20160
20161
20162
20166
20167
20170
20174
20177
20182
20184
20188
20193
20195
20199
20204
20206
20211
20215
20216
20221
20225
20230
20235
20240
20241
20246
20248
20252
20257
20262
20263
20264
20267
20270
20275
20277
20278
20279
20282
20283
20284
20289
20292
20297
20300
20303
20306
20308
20311
20312
20315
20320
20324
20329
20332
20336
20338
20341
20344
20345
20349
20352
20356
20359
20360
20362
20367
20369
20374
20378
20382
20387
20389
20392
20393
20396
20398
20400
20402
20406
20408
20411
20413
20418
20421
20425
20426
20427
20428
20429
20432
20437
20439
20440
20443
20444
20445
20450
20451
20456
20459
20461
20463
20467
20469
20473
20475
20476
20477
20482
20485
20490
20495
20498
20499
20502
20503
20505
20506
20509
20510
20512
20517
20519
20523
20528
20530
20532
20536
20540
20541
20545
20546
20549
20553
20558
20562
20566
20568
20573
20576
20580
20584
20586
20591
20596
20599
20600
20603
20604
20609
20614
20615
20620
20624
20626
20631
20636
20637
20641
20646
20648
20653
20657
20660
20661
20665
20669
20670
20674
20678
20683
20685
20688
20692
20697
20700
20703
20708
20710
20713
20717
20720
20725
20727
20728
20732
20737
20739
20744
20749
20752
20757
20759
20764
20767
20771
20776
20778
20782
20783
20787
20789
20793
20794
20795
20797
20798
20800
20803
20808
20812
20817
20822
20825
20826
20827
20828
20829
20831
20833
20834
20837
20842
20846
20851
20854
20859
20860
20861
20864
20869
20870
20873
20876
20879
20882
20887
20888
20890
20895
20896
20898
20902
20907
20909
20911
20914
20919
20921
20924
20928
20932
20936
20941
20946
20951
20954
20957
20959
20961
20962
20963
20964
20966
20968
20972
20976
20978
20979
20983
20988
20992
20996
21001
21002
21006
21008
21009
21014
21016
21018
21020
21024
21027
21030
21034
21035
21037
21041
21045
21049
21054
21057
21062
21065
21066
21071
21072
21076
21080
21085
21086
21091
21096
21100
21101
21104
21106
21107
21110
21112
21117
21119
21122
21126
21128
21129
21133
21136
21138
21141
21142
21145
21146
21149
21154
21159
21162
21167
21172
21174
21176
21181
21182
21183
21186
21190
21192
21195
21199
21200
21203
21204
21209
21210
21212
21217
21222
21226
21228
21229
21231
21234
21239
21243
21247
21250
21251
21254
21256
21257
21260
21265
21267
21272
21276
21279
21281
21285
21289
21293
21297
21300
21304
21309
21313
21315
21317
21322
21325
21329
21333
21338
21340
21342
21343
21344
21345
21350
21355
21356
21358
21361
21365
21368
21369
21373
21375
21379
21383
21388
21391
21396
21401
21402
21405
21409
21413
21415
21416
21419
21421
21422
21423
21427
21430
21434
21436
21441
21443
21447
21448
21451
21456
21458
21463
21467
21469
21471
21474
21479
21482
21487
21491
21492
21497
21502
21506
21509
21514
21518
21519
21522
21525
21527
21529
21530
21531
21533
21538
21539
21543
21546
21548
21549
21550
21552
21554
21557
21558
21561
21562
21564
21568
21571
21573
21576
21580
21583
21586
21591
21595
21599
21602
21606
21610
21614
21618
21621
21623
21627
21628
21629
21630
21631
21632
21635
21640
21643
21648
21649
21652
21657
21659
21662
21665
21668
21673
21677
21681
21686
21690
21693
21696
21697
21701
21705
21709
21711
21713
21714
21716
21717
21721
21725
21730
21733
21735
21739
21741
21742
21745
21746
21751
21753
21754
21755
21759
21761
21766
21769
21774
21777
21780
21785
21788
21789
21793
21797
21798
21803
21807
21810
21813
21814
21818
21823
21828
21829
21833
21837
21839
21844
21846
21851
21856
21859
21860
21862
21867
21872
21877
21882
21883
21884
21887
21888
21890
21891
21892
21895
21897
21898
21903
21907
21912
21917
21919
21922
21927
21932
21936
21937
21941
21942
21944
21947
21952
21953
21954
21957
21961
21965
21970
21973
21974
21977
21980
21982
21983
21984
21987
21988
21990
21992
21993
21996
21997
22002
22007
22011
22014
22015
22016
22019
22021
22022
22025
22030
22035
22036
22041
22042
22045
22046
22048
22049
22052
22057
22061
22065
22066
22069
22073
22076
22078
22082
22087
22090
22093
22097
22102
22103
22106
22108
22109
22112
22116
22117
22121
22123
22125
22127
22132
22137
22141
22143
22144
22148
22150
22154
22156
22159
22164
22166
22169
22172
22174
22175
22180
22183
22187
22189
22190
22194
22195
22199
22200
22203
22207
22210
22213
22217
22219
22221
22222
22225
22226
22229
22230
22231
22236
22240
22243
22248
22250
22255
22257
22261
22265
22267
22268
22269
22274
22278
22283
22286
22289
22291
22295
22297
22301
22302
22305
22310
22311
22316
22319
22323
22326
22327
22331
22336
22339
22344
22347
22349
22354
22356
22359
22362
22364
22365
22366
22367
22372
22376
22380
22381
22383
22386
22390
22395
22397
22401
22404
22406
22409
22412
22414
22418
22419
22423
22428
22431
22432
22434
22435
22438
22441
22445
22447
22451
22452
22456
22461
22464
22467
22469
22470
22472
22474
22479
22483
22484
22485
22490
22492
22497
22502
22503
22505
22506
22509
22514
22515
22516
22519
22523
22527
22528
22531
22533
22535
22538
22543
22548
22553
22555
22558
22562
22563
22565
22568
22569
22570
22573
22574
22576
22581
22583
22588
22590
22592
22595
22597
22601
22602
22606
22611
22615
22616
22619
22622
22625
22626
22628
22632
22633
22637
22638
22641
22645
22646
22648
22651
22656
22658
22662
22664
22666
22668
22672
22674
22675
22677
22682
22687
22692
22694
22698
22703
22706
22708
22710
22714
22718
22723
22725
22730
22733
22736
22740
22742
22743
22748
22753
22758
22762
22767
22770
22772
22774
22778
22783
22788
22792
22794
22795
22799
22804
22805
22809
22812
22815
22817
22819
22824
22829
22831
22836
22838
22839
22843
22846
22851
22852
22854
22856
22857
22860
22865
22868
22873
22877
22882
22886
22890
22895
22896
22898
22902
22906
22911
22912
22915
22917
22921
22923
22926
22927
22932
22936
22940
22944
22949
22952
22954
22956
22957
22960
22965
22968
22972
22975
22976
22980
22985
22988
22990
22991
22993
22996
23001
23005
23006
23011
23012
23013
23018
23020
23023
23027
23029
23030
23035
23037
23042
23045
23049
23052
23055
23056
23057
23060
23063
23066
23069
23070
23074
23078
23083
23087
23092
23096
23100
23103
23104
23105
23107
23112
23114
23118
23122
23124
23125
23126
23131
23134
23138
23143
23146
23150
23152
23153
23154
23155
23156
23158
23160
23162
23164
23166
23167
23170
23174
23175
23180
23184
23187
23190
23194
23197
23202
23205
23206
23209
23211
23213
23218
23221
23224
23227
23230
23231
23232
23237
23239
23240
23245
23247
23251
23253
23258
23260
23264
23265
23266
23269
23270
23271
23272
23276
23278
23283
23285
23287
23289
23291
23292
23294
23296
23297
23301
23302
23304
23309
23314
23318
23323
23326
23327
23330
23333
23334
23338
23339
23341
23343
23348
23353
23354
23359
23362
23364
23367
23368
23373
23378
23382
23386
23391
23395
23396
23399
23402
23404
23405
23407
23411
23412
23416
23419
23420
23422
23425
23429
23431
23434
23439
23442
23446
23449
23452
23453
23458
23463
23464
23467
23469
23470
23475
23478
23483
23487
23490
23491
23495
23496
23499
23503
23504
23509
23511
23516
23518
23522
23524
23528
23532
23535
23537
23540
23545
23549
23553
23556
23560
23564
23565
23569
23570
23572
23577
23580
23582
23583
23586
23590
23591
23595
23596
23600
23604
23606
23607
23609
23614
23615
23618
23622
23626
23627
23628
23633
23636
23639
23642
23646
23650
23653
23658
23661
23663
23664
23666
23668
23670
23671
23674
23676
23677
23681
23684
23689
23690
23695
23699
23701
23703
23706
23707
23711
23714
23719
23720
23721
23722
23727
23729
23734
23735
23737
23742
23747
23751
23755
23760
23762
23765
23766
23770
23771
23776
23777
23778
23780
23784
23787
23792
23797
23801
23804
23805
23807
23812
23817
23819
23820
23822
23827
23828
23832
23835
23839
23841
23846
23849
23852
23854
23856
23858
23863
23865
23868
23869
23872
23874
23878
23879
23883
23886
23887
23890
23894
23898
23899
23902
23904
23908
23913
23915
23919
23922
23926
23927
23929
23931
23932
23934
23936
23940
23943
23944
23945
23948
23949
23954
23956
23959
23964
23966
23969
23972
23973
23977
23982
23986
23991
23996
23997
23999
24001
24004
24007
24010
24013
24014
24015
24018
24022
24023
24027
24030
24032
24036
24039
24043
24045
24047
24050
24052
24055
24060
24063
24068
24073
24077
24078
24079
24082
24087
24092
24094
24098
24101
24103
24107
24108
24113
24114
24117
24119
24122
24123
24125
24127
24129
24130
24132
24137
24138
24140
24144
24146
24151
24154
24159
24160
24164
24169
24174
24178
24181
24183
24187
24190
24191
24196
24200
24204
24207
24211
24214
24215
24217
24219
24221
24223
24228
24232
24233
24235
24239
24244
24245
24249
24251
24256
24258
24263
24264
24268
24270
24271
24276
24278
24282
24287
24291
24292
24296
24300
24302
24304
24309
24312
24314
24317
24319
24324
24328
24330
24332
24333
24335
24337
24340
24341
24342
24344
24347
24348
24352
24356
24358
24361
24362
24366
24370
24375
24377
24378
24383
24384
24386
24390
24392
24393
24398
24400
24405
24408
24413
24416
24417
24421
24423
24428
24433
24436
24438
24441
24445
24447
24448
24451
24455
24457
24458
24463
24464
24465
24467
24469
24472
24476
24481
24483
24487
24489
24492
24497
24502
24504
24505
24510
24513
24515
24518
24520
24523
24527
24531
24534
24538
24542
24545
24550
24552
24554
24557
24560
24561
24565
24568
24569
24570
24571
24573
24576
24579
24584
24589
24592
24597
24601
24602
24603
24605
24608
24612
24613
24618
24620
24625
24629
24630
24635
24640
24643
24647
24650
24655
24658
24661
24666
24671
24673
24675
24676
24677
24679
24684
24686
24689
24691
24694
24695
24699
24702
24706
24708
24710
24714
24717
24722
24723
24726
24730
24733
24735
24738
24742
24745
24750
24751
24755
24758
24762
24763
24766
24767
24772
24773
24774
24779
24782
24786
24791
24796
24798
24800
24803
24807
24812
24813
24818
24823
24826
24831
24834
24835
24838
24840
24842
24845
24848
24853
24855
24860
24861
24865
24869
24874
24876
24877
24878
24879
24883
24884
24885
24888
24889
24893
24896
24897
24899
24903
24906
24910
24913
24914
24915
24917
24919
24922
24923
24925
24927
24932
24934
24938
24943
24945
24949
24953
24956
24959
24964
24966
24970
24973
24975
24977
24982
24986
24991
24992
24993
24995
24998
25002
25007
25011
25012
25015
25018
25020
25022
25025
25028
25029
25033
25037
25041
25045
25046
25050
25052
25054
25059
25060
25063
25065
25066
25070
25074
25076
25081
25082
25083
25086
25087
25088
25090
25095
25096
25097
25100
25101
25103
25108
25113
25115
25120
25124
25125
25128
25132
25136
25138
25140
25144
25147
25150
25155
25159
25164
25168
25172
25176
25179
25180
25181
25185
25187
25188
25192
25194
25196
25199
25202
25207
25210
25213
25214
25216
25218
25220
25221
25226
25231
25233
25235
25239
25241
25244
25245
25250
25251
25255
25257
25258
25263
25264
25269
25270
25273
25277
25278
25280
25285
25287
25288
25289
25294
25298
25301
25303
25305
25306
25310
25313
25317
25321
25325
25327
25328
25333
25335
25337
25339
25343
25347
25350
25352
25354
25358
25359
25364
25369
25372
25376
25377
25382
25386
25387
25391
25395
25397
25398
25402
25403
25408
25413
25416
25421
25424
25425
25426
25427
25431
25434
25436
25440
25445
25447
25449
25451
25453
25457
25461
25463
25466
25470
25474
25478
25481
25482
25484
25489
25493
25497
25502
25506
25510
25513
25516
25517
25521
25525
25528
25529
25533
25536
25538
25541
25544
25545
25547
25548
25552
25553
25556
25559
25560
25562
25566
25569
25573
25575
25576
25577
25580
25582
25586
25588
25592
25597
25598
25599
25603
25606
25609
25610
25611
25614
25616
25621
25626
25629
25632
25635
25636
25637
25640
25644
25648
25651
25652
25654
25659
25660
25662
25664
25665
25668
25670
25671
25672
25677
25679
25683
25686
25689
25694
25697
25701
25704
25705
25706
25711
25714
25719
25721
25726
25730
25732
25736
25740
25745
25749
25750
25754
25755
25756
25761
25764
25767
25771
25772
25775
25779
25781
25783
25786
25789
25794
25795
25799
25802
25803
25804
25808
25812
25817
25822
25824
25825
25828
25830
25833
25838
25843
25844
25849
25852
25855
25858
25859
25864
25866
25868
25869
25871
25875
25877
25881
25882
25886
25887
25891
25895
25899
25902
25903
25904
25908
25912
25917
25922
25923
25927
25930
25932
25934
25939
25944
25947
25951
25954
25957
25958
25961
25966
25970
25975
25977
25978
25981
25985
25988
25993
25998
26002
26004
26008
26011
26014
26017
26019
26023
26028
26030
26034
26035
26038
26043
26044
26048
26053
26057
26062
26067
26068
26071
26072
26076
26077
26080
26084
26085
26090
26095
26100
26103
26107
26108
26113
26117
26119
26121
26122
26127
26129
26133
26136
26138
26140
26142
26147
26148
26151
26154
26156
26161
26165
26169
26174
26177
26182
26186
26187
26190
26193
26194
26199
26201
26206
26211
26215
26218
26223
26228
26233
26234
26238
26243
26244
26247
26251
26253
26255
26260
26264
26265
26268
26272
26274
26279
26282
26283
26284
26287
26289
26291
26292
26297
26300
26301
26306
26310
26313
26318
26322
26327
26328
26332
26334
26338
26340
26345
26349
26353
26354
26359
26364
26366
26368
26370
26375
26378
26382
26385
26386
26388
26393
26398
26400
26402
26407
26408
26412
26416
26420
26421
26423
26426
26430
26431
26436
26441
26444
26449
26452
26454
26459
26464
26467
26472
26475
26479
26482
26486
26491
26494
26496
26500
26503
26507
26510
26511
26513
26517
26519
26522
26523
26527
26528
26532
26534
26539
26542
26546
26550
26555
26560
26564
26566
26568
26573
26578
26581
26585
26588
26593
26595
26600
26601
26604
26608
26613
26618
26622
26627
26631
26633
26637
26642
26647
26648
26653
26656
26658
26662
26665
26670
26671
26674
26677
26678
26681
26684
26685
26689
26693
26696
26697
26698
26700
26702
26707
26712
26716
26720
26723
26727
26731
26736
26737
26742
26744
26745
26749
26750
26755
26759
26764
26766
26770
26774
26775
26778
26781
26784
26789
26791
26793
26794
26796
26799
26801
26805
26806
26810
26814
26819
26820
26824
26827
26832
26837
26841
26845
26846
26851
26854
26857
26861
26864
26865
26870
26873
26877
26881
26885
26887
26892
26894
26898
26900
26901
26903
26905
26909
26911
26914
26916
26921
26922
26926
26929
26931
26932
26937
26939
26943
26945
26950
26952
26955
26958
26960
26965
26970
26974
26975
26980
26983
26984
26989
26993
26996
27001
27002
27006
27008
27011
27016
27017
27022
27027
27028
27030
27035
27040
27042
27046
27051
27054
27058
27061
27063
27068
27072
27074
27078
27083
27087
27089
27092
27094
27095
27099
27104
27105
27109
27114
27115
27118
27120
27122
27123
27125
27129
27134
27138
27143
27147
27148
27149
27152
27155
27159
27160
27161
27162
27166
27170
27171
27175
27176
27178
27182
27186
27191
27195
27200
27201
27203
27206
27210
27215
27220
27223
27227
27231
27232
27236
27238
27243
27248
27250
27252
27254
27256
27259
27262
27263
27268
27269
27273
27276
27277
27282
27284
27285
27290
27294
27299
27302
27306
27309
27310
27314
27315
27316
27320
27323
27324
27326
27328
27331
27332
27336
27340
27342
27346
27351
27353
27358
27363
27366
27371
27376
27377
27379
27382
27385
27390
27391
27394
27396
27397
27398
27403
27407
27411
27415
27418
27419
27423
27424
27425
27426
27427
27432
27435
27439
27443
27446
27448
27450
27452
27457
27459
27464
27465
27468
27473
27478
27483
27485
27489
27490
27495
27497
27498
27503
27508
27510
27512
27514
27515
27518
27521
27524
27526
27527
27530
27531
27536
27541
27546
27550
27555
27556
27561
27565
27567
27570
27573
27575
27580
27583
27586
27589
27590
27594
27595
27599
27601
27605
27608
27610
27613
27618
27622
27626
27631
27633
27634
27639
27643
27648
27649
27654
27657
27662
27665
27666
27668
27672
27674
27675
27678
27682
27683
27684
27685
27686
27690
27693
27695
27698
27699
27700
27703
27706
27709
27714
27716
27718
27720
27722
27724
27725
27728
27733
27734
27735
27736
27740
27743
27746
27749
27753
27758
27760
27765
27770
27772
27777
27782
27785
27786
27789
27793
27798
27802
27805
27808
27811
27814
27816
27818
27821
27825
27827
27830
27834
27837
27841
27842
27844
27846
27850
27852
27856
27858
27863
27868
27872
27874
27875
27878
27883
27887
27892
27893
27894
27898
27901
27902
27903
27908
27910
27914
27917
27920
27923
27924
27928
27929
27933
27938
27939
27942
27946
27947
27952
27955
27959
27962
27966
27968
27973
27976
27980
27985
27988
27993
27994
27995
27997
28000
28002
28006
28008
28009
28013
28014
28017
28019
28020
28021
28023
28025
28026
28027
28030
28032
28034
28038
28043
28046
28050
28053
28055
28057
28060
28062
28067
28069
28074
28078
28081
28082
28084
28085
28090
28091
28093
28097
28099
28103
28106
28111
28114
28118
28123
28125
28128
28131
28134
28137
28141
28146
28149
28150
28154
28155
28156
28159
28164
28166
28168
28172
28174
28175
28177
28181
28183
28184
28187
28189
28194
28198
28201
28204
28208
28210
28213
28214
28218
28220
28223
28226
28231
28235
28237
28242
28246
28251
28252
28253
28254
28258
28262
28263
28265
28268
28270
28275
28277
28282
28286
28291
28292
28296
28297
28301
28305
28310
28312
28316
28321
28326
28328
28332
28335
28336
28340
28344
28349
28354
28359
28363
28365
28367
28371
28372
28376
28377
28382
28383
28388
28392
28394
28399
28400
28402
28406
28408
28410
28413
28418
28422
28426
28429
28430
28434
28437
28439
28443
28448
28451
28454
28456
28461
28464
28468
28470
28474
28475
28480
28482
28485
28489
28490
28491
28494
28496
28498
28503
28506
28507
28512
28516
28519
28523
28528
28531
28532
28536
28538
28539
28544
28548
28553
28555
28556
28559
28562
28566
28567
28570
28572
28574
28575
28577
28581
28585
28588
28589
28593
28597
28601
28605
28610
28611
28613
28614
28618
28622
28623
28628
28632
28635
28638
28639
28643
28645
28647
28649
28654
28658
28659
28662
28665
28669
28674
28677
28681
28682
28684
28688
28690
28695
28699
28700
28705
28708
28711
28716
28721
28722
28723
28725
28729
28733
28737
28738
28741
28744
28745
28748
28753
28754
28756
28758
28761
28764
28766
28768
28769
28770
28774
28779
28784
28786
28790
28791
28794
28796
28798
28801
28804
28806
28810
28815
28820
28825
28828
28831
28832
28837
28838
28841
28845
28849
28854
28856
28860
28865
28870
28873
28875
28878
28879
28882
28883
28888
28891
28892
28896
28899
28900
28904
28906
28908
28910
28914
28918
28922
28923
28927
28930
28931
28933
28935
28939
28943
28944
28947
28949
28950
28955
28960
28964
28966
28970
28974
28978
28982
28985
28987
28989
28992
28994
28999
29003
29005
29007
29011
29014
29018
29021
29026
29030
29034
29035
29038
29043
29047
29052
29057
29060
29065
29066
29068
29070
29072
29075
29077
29078
29080
29085
29087
29090
29092
29095
29100
29103
29105
29110
29114
29118
29121
29125
29130
29135
29137
29140
29142
29146
29151
29153
29156
29161
29162
29167
29169
29170
29172
29176
29181
29183
29186
29190
29192
29197
29199
29201
29202
29206
29211
29212
29216
29218
29221
29224
29227
29228
29232
29234
29237
29242
29243
29246
29251
29256
29258
29262
29266
29267
29270
29274
29277
29280
29283
29286
29287
29292
29297
29300
29304
29309
29313
29318
29322
29323
29326
29329
29333
29334
29335
29339
29343
29346
29348
29351
29352
29354
29355
29360
29364
29367
29368
29373
29378
29381
29386
29389
29391
29393
29394
29398
29402
29406
29409
29414
29418
29419
29422
29424
29427
29430
29434
29437
29439
29441
29442
29446
29448
29452
29456
29457
29458
29463
29467
29469
29474
29479
29480
29483
29484
29486
29488
29491
29493
29497
29501
29506
29511
29516
29519
29524
29525
29530
29534
29535
29539
29543
29544
29545
29547
29550
29551
29554
29557
29562
29567
29569
29573
29578
29581
29585
29589
29594
29596
29599
29602
29605
29609
29614
29618
29621
29624
29625
29630
29635
29640
29645
29647
29652
29657
29660
29662
29664
29665
29670
29672
29676
29679
29684
29688
29691
29693
29694
29698
29702
29704
29709
29712
29717
29721
29725
29728
29729
29733
29738
29742
29744
29746
29751
29754
29758
29759
29762
29763
29764
29768
29770
29771
29775
29780
29784
29785
29787
29789
29792
29797
29801
29805
29809
29810
29813
29815
29817
29818
29822
29825
29830
29835
29836
29837
29839
29840
29842
29843
29845
29848
29853
29857
29862
29866
29871
29872
29875
29876
29877
29882
29884
29885
29889
29893
29894
29895
29897
29901
29902
29905
29909
29913
29918
29923
29926
29931
29934
29937
29941
29943
29944
29945
29949
29954
29955
29957
29960
29961
29963
29968
29973
29975
29979
29982
29987
29989
29991
29994
29995
29997
30000
30002
30003
30008
30010
30014
30016
30021
30024
30029
30033
30034
30038
30040
30043
30047
30048
30052
30056
30059
30060
30061
30065
30068
30073
30077
30080
30083
30086
30088
30092
30096
30097
30102
30105
30110
30114
30116
30119
30122
30127
30128
30129
30134
30139
30143
30145
30150
30152
30154
30158
30161
30165
30166
30168
30170
30172
30176
30177
30181
30182
30183
30187
30190
30194
30199
30200
30202
30204
30208
30212
30213
30216
30217
30219
30222
30226
30227
30230
30234
30239
30242
30244
30249
30250
30254
