0
2
7
10
15
18
22
23
26
29
34
38
40
41
44
48
53
58
61
65
68
71
72
77
78
79
82
83
85
89
92
93
96
98
101
106
110
112
113
116
117
122
125
128
129
131
134
138
141
143
146
148
152
154
155
158
160
164
169
172
175
180
183
187
189
190
194
195
198
199
204
205
208
210
211
213
214
219
224
226
230
231
236
238
241
246
247
248
253
256
260
264
268
272
273
275
277
281
286
291
295
298
299
301
302
303
304
305
307
310
313
317
319
320
322
326
331
332
337
341
342
345
349
351
356
358
362
367
369
374
377
382
385
387
390
392
393
398
402
403
407
410
413
415
418
419
421
424
429
431
433
438
439
442
444
448
453
454
458
460
465
469
474
475
477
478
483
484
488
491
496
499
501
502
503
505
507
508
513
517
521
522
527
529
532
533
537
542
546
548
549
551
555
556
561
565
566
571
574
576
580
583
584
586
587
592
597
598
603
608
613
618
619
623
627
629
633
636
640
642
645
648
649
653
658
663
667
672
676
680
681
682
683
686
689
691
695
697
700
702
705
709
713
715
718
720
721
722
724
725
730
733
734
738
739
740
744
748
751
752
754
758
760
762
765
769
772
777
780
781
783
788
792
795
797
799
800
801
805
808
809
811
816
821
824
826
828
833
837
841
842
844
849
852
857
859
863
866
868
869
874
876
881
883
887
889
893
894
895
897
899
903
907
911
916
919
923
925
929
930
931
934
936
938
943
944
947
950
953
957
959
960
961
966
971
975
979
981
984
988
989
992
996
1000
1001
1006
1010
1012
1016
1017
1022
1026
1029
1034
1036
1039
1042
1046
1047
1050
1051
1054
1055
1059
1061
1066
1069
1074
1075
1079
1084
1088
1089
1091
1094
1099
1102
1104
1108
1112
1117
1118
1121
1124
1126
1129
1131
1136
1140
1144
1148
1152
1155
1160
1164
1169
1171
1173
1174
1179
1183
1184
1189
1190
1194
1197
1199
1203
1207
1211
1216
1217
1222
1225
1230
1234
1238
1243
1248
1250
1251
1252
1254
1255
1258
1261
1265
1270
1275
1278
1283
1288
1292
1295
1298
1300
1301
1304
1307
1311
1314
1317
1319
1323
1326
1330
1335
1339
1341
1342
1344
1349
1353
1358
1363
1368
1370
1372
1376
1377
1379
1380
1383
1384
1385
1388
1391
1395
1400
1401
1406
1411
1413
1418
1419
1420
1423
1424
1427
1431
1435
1438
1439
1440
1445
1450
1451
1454
1455
1459
1464
1466
1467
1470
1474
1477
1479
1483
1488
1489
1491
1495
1496
1499
1503
1505
1506
1509
1511
1512
1515
1519
1521
1522
1523
1526
1530
1531
1534
1537
1541
1543
1547
1548
1553
1555
1558
1560
1562
1566
1569
1574
1579
1580
1581
1586
1590
1594
1598
1600
1605
1610
1614
1619
1624
1627
1628
1629
1630
1633
1637
1639
1642
1643
1644
1646
1648
1650
1654
1659
1662
1663
1666
1668
1670
1673
1676
1680
1684
1688
1691
1695
1700
1702
1707
1710
1712
1713
1718
1723
1728
1733
1737
1738
1740
1745
1748
1752
1757
1761
1763
1764
1768
1772
1773
1777
1778
1780
1782
1785
1786
1788
1790
1794
1799
1801
1803
1808
1809
1811
1814
1818
1819
1824
1828
1833
1838
1843
1846
1847
1852
1854
1859
1861
1862
1866
1867
1870
1873
1874
1878
1883
1884
1885
1886
1889
1894
1898
1900
1901
1906
1910
1913
1916
1918
1921
1922
1925
1926
1928
1933
1937
1939
1943
1947
1949
1954
1956
1959
1962
1966
1970
1972
1974
1979
1983
1986
1987
1990
1992
1995
1998
1999
2003
2006
2010
2014
2016
2021
2023
2024
2025
2026
2029
2034
2039
2042
2043
2048
2053
2057
2058
2059
2062
2065
2069
2070
2071
2073
2074
2078
2083
2086
2090
2094
2096
2098
2103
2105
2110
2113
2114
2117
2121
2122
2126
2131
2134
2136
2138
2142
2147
2148
2152
2153
2158
2163
2164
2168
2171
2173
2177
2179
2181
2184
2189
2192
2193
2194
2195
2198
2200
2202
2204
2208
2212
2217
2219
2222
2224
2226
2227
2228
2230
2233
2235
2239
2242
2246
2249
2252
2255
2260
2264
2267
2269
2274
2276
2280
2285
2286
2291
2293
2294
2299
2302
2305
2310
2315
2316
2321
2323
2325
2326
2327
2328
2330
2332
2333
2337
2341
2344
2346
2348
2349
2351
2352
2354
2356
2359
2364
2369
2373
2376
2378
2382
2384
2389
2390
2391
2395
2400
2405
2408
2409
2410
2413
2418
2420
2422
2424
2427
2429
2434
2436
2439
2442
2443
2445
2447
2452
2455
2456
2459
2463
2464
2466
2471
2472
2475
2479
2482
2487
2488
2489
2493
2497
2502
2506
2508
2513
2518
2520
2523
2528
2531
2533
2534
2536
2537
2541
2543
2548
2549
2554
2555
2557
2558
2561
2565
2568
2569
2571
2572
2575
2579
2584
2585
2588
2591
2595
2600
2604
2608
2610
2614
2619
2621
2623
2627
2631
2633
2638
2639
2640
2643
2645
2646
2649
2651
2653
2658
2660
2664
2668
2670
2672
2677
2678
2682
2686
2691
2695
2700
2704
2705
2707
2712
2713
2715
2716
2721
2724
2729
2734
2737
2741
2742
2744
2745
2746
2747
2752
2756
2757
2762
2763
2767
2770
2775
2779
2780
2783
2788
2793
2796
2798
2800
2802
2806
2808
2810
2814
2817
2818
2820
2825
2827
2831
2833
2835
2838
2840
2845
2846
2850
2852
2855
2859
2863
2867
2869
2873
2874
2878
2879
2882
2887
2890
2891
2895
2896
2897
2899
2901
2905
2907
2911
2913
2918
2922
2923
2926
2931
2932
2935
2937
2938
2943
2948
2953
2958
2962
2966
2967
2969
2974
2976
2978
2979
2981
2986
2990
2994
2999
3003
3006
3008
3010
3015
3018
3021
3024
3028
3032
3035
3040
3043
3048
3053
3058
3060
3063
3067
3068
3072
3075
3077
3082
3084
3087
3092
3093
3095
3099
3103
3108
3111
3114
3115
3117
3121
3125
3127
3132
3136
3138
3143
3145
3148
3152
3153
3154
3159
3161
3164
3166
3167
3170
3175
3176
3177
3182
3186
3189
3190
3192
3197
3201
3202
3204
3208
3211
3216
3219
3222
3225
3226
3228
3230
3231
3235
3236
3240
3243
3244
3247
3252
3254
3259
3260
3265
3270
3274
3276
3280
3285
3290
3294
3299
3300
3304
3305
3307
3311
3315
3320
3322
3326
3329
3333
3338
3341
3345
3350
3355
3357
3360
3365
3368
3373
3378
3383
3386
3390
3392
3393
3396
3400
3402
3407
3410
3415
3416
3419
3421
3423
3426
3427
3429
3433
3435
3440
3442
3443
3446
3448
3453
3456
3461
3463
3468
3470
3471
3476
3477
3479
3483
3487
3492
3497
3499
3501
3502
3507
3512
3515
3520
3524
3525
3528
3532
3536
3541
3542
3543
3544
3548
3553
3558
3563
3566
3570
3575
3580
3583
3588
3591
3594
3598
3601
3606
3609
3612
3616
3617
3620
3622
3623
3626
3631
3635
3636
3641
3642
3643
3647
3650
3653
3658
3663
3664
3669
3671
3676
3679
3681
3683
3688
3689
3693
3698
3702
3705
3709
3713
3717
3721
3726
3730
3732
3733
3737
3742
3747
3750
3751
3754
3756
3761
3763
3765
3766
3767
3772
3775
3777
3781
3782
3787
3792
3797
3799
3803
3807
3809
3812
3815
3820
3825
3827
3832
3836
3837
3842
3845
3846
3849
3850
3851
3856
3860
3864
3869
3870
3871
3876
3878
3879
3881
3886
3889
3892
3893
3898
3899
3903
3904
3908
3912
3916
3918
3923
3925
3928
3931
3933
3936
3937
3941
3943
3948
3950
3951
3953
3958
3963
3964
3969
3974
3975
3978
3983
3984
3989
3994
3995
3997
3999
4000
4004
4006
4007
4010
4015
4016
4020
4023
4024
4026
4031
4032
4034
4035
4040
4042
4043
4046
4049
4050
4054
4059
4064
4066
4070
4073
4077
4079
4080
4083
4086
4087
4088
4093
4098
4101
4102
4106
4109
4112
4113
4118
4123
4126
4129
4134
4136
4140
4141
4142
4146
4147
4151
4155
4160
4165
4166
4170
4171
4173
4174
4177
4178
4179
4184
4189
4192
4194
4198
4200
4202
4203
4208
4210
4211
4215
4217
4222
4225
4228
4232
4234
4238
4239
4240
4242
4247
4250
4253
4255
4258
4259
4260
4262
4265
4268
4272
4274
4277
4281
4283
4286
4287
4288
4290
4292
4296
4300
4303
4304
4305
4309
4313
4318
4322
4326
4327
4329
4330
4333
4336
4337
4341
4344
4346
4348
4352
4354
4357
4361
4363
4366
4367
4368
4373
4376
4381
4383
4385
4389
4392
4394
4395
4399
4401
4405
4409
4410
4412
4417
4421
4425
4428
4430
4431
4435
4439
4441
4443
4448
4453
4456
4459
4464
4466
4470
4474
4476
4481
4482
4487
4490
4493
4498
4501
4505
4510
4514
4518
4520
4521
4523
4527
4529
4534
4537
4538
4543
4544
4547
4549
4552
4557
4558
4559
4561
4563
4567
4570
4575
4579
4582
4587
4590
4595
4598
4603
4606
4608
4610
4611
4612
4615
4619
4622
4623
4626
4631
4636
4637
4638
4640
4644
4649
4654
4655
4660
4664
4668
4670
4671
4674
4675
4678
4681
4686
4688
4692
4694
4695
4699
4704
4706
4707
4708
4713
4714
4717
4719
4722
4724
4726
4729
4732
4736
4738
4740
4742
4744
4745
4746
4751
4753
4758
4761
4763
4765
4768
4771
4776
4779
4783
4787
4788
4793
4798
4801
4804
4806
4811
4816
4820
4824
4826
4827
4831
4835
4839
4844
4847
4850
4855
4856
4859
4860
4864
4868
4872
4874
4876
4879
4884
4885
4890
4894
4897
4902
4903
4904
4908
4913
4914
4917
4920
4922
4924
4928
4932
4936
4938
4942
4945
4947
4948
4950
4955
4956
4961
4963
4968
4971
4972
4974
4978
4982
4987
4990
4995
4997
4998
5000
5005
5010
5015
5017
5020
5022
5026
5029
5032
5033
5037
5039
5044
5048
5052
5053
5054
5059
5060
5063
5068
5070
5075
5076
5078
5082
5086
5090
5094
5095
5097
5100
5103
5105
5106
5111
5116
5117
5118
5120
5122
5126
5127
5130
5135
5140
5141
5144
5147
5150
5152
5154
5157
5158
5160
5164
5165
5170
5172
5173
5176
5177
5182
5187
5191
5193
5198
5201
5203
5204
5206
5210
5213
5215
5220
5222
5225
5229
5234
5236
5239
5243
5246
5249
5253
5254
5258
5259
5264
5266
5270
5271
5273
5278
5279
5281
5284
5288
5291
5294
5295
5300
5305
5306
5308
5312
5314
5318
5320
5325
5329
5332
5334
5337
5338
5342
5347
5351
5354
5359
5360
5364
5369
5371
5376
5377
5379
5382
5384
5385
5387
5392
5395
5399
5401
5404
5409
5413
5418
5419
5422
5425
5430
5435
5436
5441
5444
5445
5448
5452
5453
5457
5462
5466
5470
5471
5474
5475
5479
5484
5486
5491
5495
5499
5501
5504
5506
5509
5511
5514
5515
5516
5519
5522
5524
5529
5531
5535
5540
5543
5548
5550
5554
5559
5562
5564
5568
5571
5572
5574
5579
5580
5584
5589
5592
5593
5594
5598
5603
5608
5612
5614
5618
5621
5623
5625
5630
5635
5637
5638
5640
5642
5647
5649
5651
5653
5655
5660
5664
5666
5669
5674
5677
5682
5685
5688
5690
5691
5694
5698
5703
5708
5710
5713
5716
5718
5719
5723
5724
5729
5732
5737
5742
5746
5747
5749
5752
5753
5756
5760
5765
5769
5772
5774
5776
5777
5778
5780
5781
5786
5790
5791
5792
5793
5797
5799
5801
5802
5804
5807
5812
5816
5818
5821
5822
5825
5827
5831
5832
5835
5839
5842
5843
5848
5853
5854
5859
5864
5868
5869
5870
5875
5878
5881
5885
5890
5893
5897
5901
5903
5907
5911
5912
5917
5918
5919
5924
5929
5933
5935
5939
5941
5942
5943
5947
5952
5955
5958
5962
5963
5965
5967
5971
5975
5979
5981
5982
5987
5989
5994
5995
5999
6001
6002
6006
6011
6015
6018
6020
6021
6024
6028
6033
6036
6040
6042
6046
6049
6050
6055
6058
6062
6065
6070
6073
6076
6079
6081
6085
6090
6095
6098
6101
6102
6106
6107
6112
6115
6118
6119
6120
6124
6126
6131
6136
6138
6139
6141
6143
6148
6152
6157
6162
6165
6169
6170
6175
6179
6182
6185
6186
6190
6191
6196
6198
6203
6204
6206
6207
6212
6216
6221
6223
6227
6228
6230
6231
6235
6240
6244
6245
6246
6249
6254
6258
6262
6263
6268
6272
6276
6281
6283
6284
6285
6289
6290
6294
6297
6299
6300
6301
6306
6308
6311
6315
6319
6320
6322
6327
6331
6332
6336
6338
6339
6344
6345
6349
6350
6354
6357
6359
6363
6364
6367
6370
6372
6376
6379
6384
6387
6390
6394
6397
6399
6404
6408
6410
6412
6413
6414
6418
6419
6421
6423
6425
6430
6431
6436
6438
6443
6444
6445
6450
6454
6458
6462
6463
6466
6469
6470
6475
6478
6479
6482
6486
6489
6492
6493
6495
6498
6502
6507
6508
6511
6514
6516
6519
6520
6523
6527
6531
6535
6540
6545
6548
6549
6554
6557
6562
6566
6569
6571
6576
6579
6581
6582
6583
6587
6592
6594
6595
6598
6602
6604
6606
6607
6608
6612
6616
6621
6623
6627
6631
6635
6636
6639
6643
6647
6648
6649
6651
6652
6655
6658
6660
6664
6667
6669
6673
6675
6679
6682
6683
6688
6691
6694
6696
6701
6705
6710
6712
6713
6715
6717
6721
6723
6728
6730
6733
6734
6736
6739
6740
6743
6748
6750
6753
6755
6757
6759
6763
6764
6769
6770
6771
6772
6773
6776
6779
6781
6784
6788
6790
6792
6793
6798
6800
6804
6805
6810
6813
6815
6819
6822
6826
6828
6830
6834
6836
6839
6840
6845
6848
6853
6854
6859
6864
6869
6874
6879
6883
6884
6885
6890
6893
6895
6896
6899
6900
6903
6905
6910
6915
6916
6917
6918
6922
6926
6929
6934
6935
6937
6939
6943
6945
6946
6948
6952
6957
6961
6963
6967
6971
6973
6977
6978
6979
6983
6986
6987
6989
6991
6992
6995
6998
7001
7003
7005
7009
7014
7018
7023
7026
7027
7030
7033
7036
7041
7045
7047
7049
7051
7056
7058
7060
7064
7065
7070
7074
7076
7078
7079
7084
7087
7090
7094
7096
7099
7100
7105
7106
7110
7115
7119
7120
7125
7128
7132
7134
7138
7142
7143
7148
7152
7155
7159
7162
7163
7167
7171
7175
7179
7184
7185
7188
7192
7196
7197
7202
7206
7207
7210
7213
7215
7220
7223
7225
7230
7235
7239
7240
7243
7244
7245
7247
7248
7253
7254
7256
7261
7264
7266
7270
7271
7273
7276
7279
7281
7285
7290
7292
7294
7298
7300
7301
7303
7304
7305
7309
7310
7313
7316
7318
7323
7327
7329
7333
7336
7337
7340
7344
7347
7349
7350
7352
7356
7358
7360
7361
7366
7370
7371
7372
7374
7376
7378
7380
7382
7384
7387
7392
7396
7397
7400
7404
7407
7411
7412
7413
7414
7415
7417
7421
7423
7424
7429
7432
7434
7437
7440
7441
7445
7447
7450
7452
7455
7459
7464
7467
7471
7474
7478
7480
7483
7484
7487
7492
7497
7498
7500
7502
7505
7508
7510
7513
7518
7522
7527
7528
7532
7533
7535
7537
7541
7546
7551
7553
7554
7557
7562
7567
7571
7573
7575
7577
7580
7584
7588
7589
7590
7594
7595
7600
7605
7609
7611
7613
7616
7621
7626
7630
7635
7638
7643
7646
7648
7651
7656
7659
7662
7664
7669
7670
7672
7676
7677
7679
7680
7683
7687
7691
7692
7693
7694
7695
7699
7704
7706
7707
7711
7713
7718
7721
7722
7725
7728
7733
7737
7741
7742
7743
7746
7749
7754
7759
7761
7765
7770
7774
7777
7779
7781
7784
7786
7790
7792
7796
7797
7802
7804
7808
7813
7818
7819
7823
7827
7832
7835
7836
7839
7843
7844
7848
7850
7851
7855
7860
7865
7868
7873
7876
7880
7883
7886
7891
7896
7900
7902
7904
7908
7909
7912
7914
7915
7917
7920
7925
7929
7934
7935
7937
7939
7941
7942
7944
7947
7950
7954
7959
7960
7965
7967
7970
7972
7974
7976
7978
7981
7985
7986
7991
7992
7993
7996
7997
8002
8005
8009
8012
8013
8014
8015
8016
8021
8024
8026
8031
8033
8035
8040
8044
8046
8047
8051
8052
8055
8059
8060
8065
8069
8072
8075
8077
8082
8085
8086
8087
8089
8093
8094
8098
8103
8105
8107
8109
8110
8114
8115
8119
8121
8122
8125
8130
8132
8136
8137
8142
8143
8144
8145
8149
8154
8156
8159
8160
8164
8166
8168
8173
8174
8175
8176
8181
8183
8184
8186
8191
8192
8193
8194
8195
8197
8199
8203
8207
8208
8212
8216
8219
8222
8224
8225
8227
8228
8232
8235
8236
8238
8239
8244
8246
8250
8255
8256
8257
8262
8267
8271
8276
8277
8281
8284
8285
8289
8291
8292
8294
8296
8297
8301
8305
8306
8307
8312
8316
8321
8323
8326
8327
8328
8330
8331
8334
8339
8341
8343
8344
8349
8350
8353
8355
8356
8361
8365
8367
8368
8372
8374
8379
8381
8382
8386
8389
8390
8392
8394
8395
8396
8401
8403
8404
8405
8407
8409
8412
8414
8419
8421
8424
8427
8432
8436
8441
8445
8450
8451
8452
8454
8459
8461
8462
8465
8468
8472
8477
8479
8483
8486
8489
8494
8499
8503
8507
8510
8511
8516
8519
8524
8526
8530
8531
8534
8536
8537
8538
8539
8543
8546
8550
8553
8554
8558
8559
8562
8565
8566
8570
8572
8573
8577
8578
8581
8582
8583
8588
8592
8595
8596
8601
8602
8604
8608
8609
8614
8617
8622
8623
8627
8631
8632
8636
8640
8644
8645
8647
8649
8652
8654
8656
8660
8665
8668
8669
8672
8674
8676
8681
8686
8687
8689
8692
8695
8696
8697
8698
8702
8704
8707
8708
8712
8717
8718
8720
8724
8725
8729
8733
8737
8739
8742
8743
8747
8748
8752
8757
8760
8762
8763
8766
8770
8774
8775
8777
8781
8782
8784
8789
8790
8793
8797
8801
8803
8805
8806
8807
8810
8814
8819
8824
8826
8827
8828
8829
8831
8833
8836
8838
8839
8842
8847
8851
8853
8855
8860
8862
8863
8865
8868
8871
8876
8879
8882
8887
8889
8894
8897
8899
8903
8907
8911
8914
8916
8919
8923
8925
8930
8935
8939
8940
8941
8944
8947
8951
8956
8961
8962
8965
8969
8974
8978
8981
8986
8988
8992
8994
8999
9000
9003
9007
9010
9015
9018
9020
9025
9026
9028
9030
9034
9038
9040
9045
9049
9051
9053
9054
9058
9061
9064
9067
9071
9075
9077
9079
9080
9082
9087
9091
9092
9093
9098
9103
9108
9110
9111
9112
9115
9116
9117
9122
9126
9128
9130
9134
9136
9141
9146
9149
9151
9155
9157
9162
9163
9168
9173
9175
9178
9179
9180
9181
9183
9187
9189
9193
9194
9198
9201
9203
9204
9207
9211
9216
9221
9225
9228
9233
9238
9241
9244
9246
9248
9249
9251
9254
9259
9263
9268
9270
9273
9278
9283
9288
9291
9294
9296
9300
9302
9305
9310
9311
9313
9316
9320
9321
9323
9326
9328
9332
9337
9339
9341
9345
9349
9353
9354
9356
9358
9360
9365
9366
9367
9372
9375
9378
9380
9383
9387
9389
9393
9394
9397
9398
9399
9400
9405
9407
9409
9411
9413
9417
9419
9420
9424
9429
9432
9433
9434
9439
9442
9445
9449
9454
9459
9461
9464
9465
9468
9469
9472
9474
9476
9479
9481
9486
9487
9488
9491
9493
9495
9499
9501
9504
9505
9509
9514
9517
9519
9524
9528
9530
9531
9534
9538
9542
9545
9548
9549
9552
9554
9559
9563
9567
9570
9572
9575
9576
9578
9583
9585
9588
9592
9594
9595
9596
9598
9602
9607
9612
9615
9619
9624
9625
9627
9628
9632
9634
9638
9643
9645
9649
9652
9657
9660
9661
9665
9669
9671
9672
9677
9678
9681
9683
9685
9687
9689
9691
9694
9696
9698
9703
9705
9710
9714
9715
9718
9722
9723
9728
9732
9733
9734
9735
9736
9738
9741
9745
9750
9754
9757
9762
9763
9766
9771
9774
9776
9781
9786
9790
9795
9798
9802
9803
9807
9811
9814
9815
9820
9821
9825
9827
9828
9831
9832
9837
9839
9844
9845
9847
9850
9855
9860
9864
9865
9869
9870
9871
9875
9877
9882
9885
9888
9889
9892
9896
9900
9905
9908
9913
9917
9918
9922
9923
9925
9929
9931
9932
9934
9935
9938
9941
9942
9946
9948
9951
9953
9955
9956
9961
9965
9970
9974
9975
9979
9981
9983
9986
9988
9989
9994
9996
10000
10002
10006
10010
10013
10016
10019
10021
10026
10029
10031
10036
10039
10041
10045
10049
10052
10054
10058
10061
10063
10067
10072
10074
10079
10081
10083
10085
10089
10093
10094
10099
10100
10103
10104
10105
10108
10110
10113
10114
10117
10118
10120
10121
10126
10129
10130
10132
10136
10137
10141
10145
10147
10150
10155
10157
10158
10161
10164
10165
10169
10172
10177
10178
10183
10187
10189
10190
10193
10198
10203
10207
10212
10216
10220
10221
10223
10224
10226
10231
10232
10237
10240
10242
10244
10248
10249
10251
10254
10255
10259
10263
10267
10268
10270
10274
10276
10278
10280
10283
10287
10290
10292
10296
10299
10303
10307
10311
10314
10317
10322
10326
10330
10333
10336
10339
10344
10349
10351
10356
10361
10366
10367
10368
10369
10371
10375
10376
10379
10384
10385
10389
10392
10393
10394
10395
10398
10401
10402
10404
10409
10413
10414
10416
10418
10420
10421
10422
10423
10425
10428
10431
10432
10436
10439
10442
10447
10451
10452
10453
10454
10456
10458
10459
10461
10462
10464
10469
10473
10476
10480
10482
10487
10491
10493
10498
10501
10506
10509
10513
10514
10517
10522
10527
10528
10531
10536
10538
10540
10545
10550
10555
10557
10560
10562
10565
10568
10571
10573
10575
10579
10580
10583
10588
10593
10595
10598
10599
10603
10606
10607
10609
10611
10613
10618
10621
10624
10627
10629
10631
10632
10633
10637
10639
10644
10647
10652
10656
10659
10663
10667
10670
10671
10672
10673
10675
10678
10682
10687
10691
10692
10696
10698
10702
10704
10709
10712
10716
10719
10720
10725
10728
10732
10734
10737
10740
10743
10745
10748
10752
10754
10758
10762
10764
10766
10767
10771
10775
10776
10781
10784
10786
10789
10792
10796
10801
10803
10806
10808
10811
10813
10815
10820
10824
10826
10831
10834
10838
10842
10847
10851
10852
10856
10860
10862
10863
10868
10869
10871
10874
10876
10879
10880
10883
10886
10890
10894
10897
10901
10903
10907
10911
10915
10919
10924
10927
10931
10933
10937
10940
10944
10949
10953
10954
10959
10963
10967
10968
10969
10970
10972
10974
10975
10978
10983
10986
10987
10988
10993
10998
11002
11007
11012
11014
11015
11016
11019
11024
11025
11030
11032
11035
11038
11040
11044
11049
11050
11051
11052
11057
11059
11061
11065
11070
11074
11076
11079
11083
11084
11087
11092
11093
11094
11095
11100
11105
11108
11112
11117
11119
11123
11125
11129
11132
11136
11141
11145
11148
11152
11155
11158
11162
11165
11167
11168
11169
11174
11176
11178
11180
11181
11186
11187
11189
11191
11195
11198
11199
11202
11207
11211
11214
11219
11221
11222
11224
11227
11231
11235
11237
11240
11243
11244
11246
11247
11252
11255
11257
11260
11265
11267
11272
11276
11277
11282
11286
11289
11292
11295
11299
11303
11307
11308
11312
11313
11315
11316
11317
11322
11326
11329
11331
11333
11335
11340
11343
11348
11349
11352
11354
11359
11364
11366
11368
11370
11372
11377
11381
11386
11387
11391
11392
11397
11399
11400
11404
11407
11411
11413
11417
11418
11422
11424
11427
11431
11435
11440
11443
11446
11449
11452
11454
11455
11456
11460
11461
11466
11468
11472
11473
11478
11483
11484
11489
11493
11498
11500
11501
11502
11503
11504
11506
11507
11510
11511
11513
11514
11517
11518
11521
11526
11529
11530
11535
11538
11541
11544
11545
11549
11552
11555
11557
11562
11567
11569
11570
11572
11574
11579
11582
11583
11584
11587
11590
11594
11598
11599
11603
11605
11610
11615
11617
11621
11622
11627
11631
11636
11641
11644
11649
11652
11657
11658
11660
11663
11667
11671
11676
11680
11681
11686
11691
11693
11698
11701
11703
11708
11710
11713
11715
11719
11721
11725
11728
11733
11738
11741
11745
11747
11748
11750
11753
11757
11760
11765
11767
11771
11776
11779
11782
11783
11787
11790
11795
11799
11801
11803
11807
11812
11813
11817
11818
11821
11822
11825
11828
11833
11838
11839
11840
11842
11843
11848
11850
11851
11854
11857
11861
11866
11867
11870
11875
11876
11879
11883
11888
11892
11895
11896
11898
11903
11907
11908
11911
11914
11917
11922
11927
11930
11934
11936
11940
11943
11944
11948
11951
11956
11960
11961
11962
11967
11971
11975
11977
11978
11982
11983
11988
11989
11993
11998
12000
12002
12003
12008
12011
12015
12017
12019
12021
12024
12027
12028
12030
12031
12034
12038
12042
12046
12050
12055
12058
12059
12064
12069
12071
12075
12080
12082
12084
12086
12091
12094
12096
12100
12104
12107
12109
12110
12113
12115
12117
12120
12124
12127
12132
12133
12134
12136
12140
12144
12145
12146
12148
12152
12154
12158
12160
12164
12168
12171
12173
12177
12178
12181
12184
12186
12189
12193
12195
12198
12200
12205
12210
12211
12216
12220
12225
12228
12233
12237
12240
12244
12246
12250
12255
12257
12259
12262
12265
12270
12272
12277
12281
12282
12287
12291
12293
12294
12295
12299
12301
12302
12306
12308
12311
12314
12318
12321
12324
12326
12329
12334
12337
12340
12341
12345
12349
12352
12356
12358
12362
12364
12365
12367
12368
12371
12373
12374
12376
12381
12383
12386
12391
12392
12395
12399
12400
12403
12406
12411
12414
12419
12423
12427
12428
12429
12433
12438
12442
12444
12449
12453
12456
12461
12465
12467
12471
12472
12476
12477
12479
12481
12485
12489
12490
12491
12495
12497
12501
12503
12505
12508
12509
12512
12514
12515
12519
12520
12523
12525
12527
12531
12536
12541
12545
12547
12548
12552
12553
12556
12559
12561
12565
12566
12567
12571
12576
12579
12580
12584
12585
12587
12589
12591
12594
12597
12602
12605
12610
12613
12614
12615
12616
12619
12623
12624
12625
12626
12627
12631
12636
12637
12639
12640
12643
12645
12647
12648
12652
12654
12655
12657
12658
12661
12666
12667
12670
12672
12675
12678
12679
12681
12683
12686
12689
12693
12696
12700
12701
12706
12708
12711
12712
12714
12716
12717
12720
12723
12727
12731
12735
12738
12741
12742
12744
12745
12750
12752
12754
12757
12762
12764
12769
12773
12778
12782
12783
12787
12788
12792
12795
12796
12800
12802
12807
12811
12812
12817
12820
12822
12827
12831
12835
12838
12842
12847
12849
12850
12852
12857
12859
12862
12863
12868
12869
12873
12877
12879
12884
12887
12889
12892
12893
12898
12903
12906
12909
12913
12916
12918
12922
12925
12927
12931
12934
12938
12939
12943
12948
12952
12957
12961
12966
12969
12972
12977
12982
12984
12985
12987
12992
12995
12996
13001
13005
13007
13009
13010
13012
13017
13019
13022
13023
13025
13026
13029
13034
13035
13036
13039
13041
13042
13046
13049
13050
13051
13052
13055
13058
13059
13062
13064
13069
13071
13076
13081
13083
13084
13089
13090
13095
13097
13098
13102
13107
13108
13110
13112
13114
13119
13124
13129
13132
13134
13137
13142
13146
13151
13156
13159
13163
13165
13167
13169
13173
13176
13180
13183
13185
13188
13192
13193
13194
13199
13200
13205
13210
13212
13216
13217
13219
13221
13224
13226
13228
13229
13234
13236
13239
13240
13244
13248
13250
13253
13256
13260
13262
13266
13270
13271
13274
13275
13279
13280
13285
13287
13291
13293
13295
13297
13300
13301
13302
13303
13307
13309
13313
13318
13319
13324
13329
13332
13336
13339
13341
13345
13348
13353
13355
13357
13360
13364
13365
13368
13373
13374
13378
13380
13381
13382
13383
13388
13393
13394
13399
13404
13409
13410
13415
13419
13420
13422
13427
13428
13432
13436
13438
13440
13442
13444
13447
13449
13453
13458
13461
13466
13471
13472
13473
13476
13477
13481
13486
13487
13490
13495
13497
13498
13499
13502
13505
13508
13511
13513
13518
13519
13521
13523
13528
13532
13536
13538
13543
13548
13553
13557
13558
13562
13565
13566
13571
13575
13579
13581
13585
13587
13589
13594
13596
13599
13604
13605
13609
13614
13617
13621
13626
13629
13632
13634
13636
13640
13641
13643
13648
13649
13654
13655
13659
13662
13667
13671
13675
13677
13680
13684
13685
13690
13694
13698
13699
13704
13708
13713
13714
13716
13717
13721
13722
13723
13726
13729
13733
13738
13740
13743
13747
13751
13753
13756
13760
13763
13767
13770
13771
13773
13776
13779
13782
13785
13789
13792
13796
13800
13805
13810
13815
13819
13824
13829
13831
13833
13836
13837
13841
13846
13848
13849
13853
13855
13856
13859
13861
13862
13867
13872
13874
13877
13878
13880
13885
13889
13890
13895
13897
13901
13904
13905
13909
13910
13911
13913
13915
13918
13920
13923
13927
13928
13929
13932
13933
13934
13939
13941
13946
13949
13953
13955
13957
13960
13962
13967
13971
13972
13976
13978
13981
13983
13984
13988
13991
13993
13997
14000
14003
14005
14010
14011
14014
14019
14022
14023
14026
14029
14033
14037
14039
14043
14046
14047
14048
14052
14053
14057
14062
14064
14065
14070
14075
14079
14084
14089
14093
14095
14098
14100
14105
14106
14111
14114
14118
14122
14126
14129
14131
14133
14136
14140
14145
14150
14153
14156
14159
14160
14162
14167
14168
14171
14172
14175
14176
14179
14182
14185
14186
14187
14190
14195
14200
14204
14208
14211
14212
14217
14221
14226
14228
14231
14236
14237
14241
14243
14244
14248
14250
14252
14257
14260
14261
14265
14267
14270
14272
14273
14278
14281
14285
14286
14291
14296
14300
14303
14308
14309
14312
14315
14316
14321
14323
14325
14328
14331
14336
14337
14340
14345
14346
14350
14354
14358
14359
14360
14362
14363
14367
14371
14374
14378
14380
14384
14388
14393
14396
14401
14405
14407
14408
14412
14417
14419
14420
14425
14426
14430
14435
14440
14444
14447
14448
14452
14457
14461
14464
14466
14470
14473
14474
14476
14479
14481
14483
14488
14490
14493
14495
14499
14502
14503
14504
14505
14509
14511
14513
14517
14518
14523
14524
14525
14529
14530
14534
14535
14536
14538
14540
14542
14547
14548
14550
14554
14559
14564
14569
14573
14577
14581
14582
14583
14587
14592
14596
14599
14601
14602
14607
14611
14616
14620
14621
14625
14628
14630
14631
14632
14637
14641
14642
14647
14650
14654
14659
14664
14669
14674
14678
14683
14685
14689
14691
14696
14697
14699
14704
14706
14709
14713
14718
14723
14724
14728
14730
14732
14736
14740
14741
14742
14746
14751
14756
14758
14761
14763
14767
14771
14772
14777
14781
14786
14788
14792
14794
14797
14801
14806
14808
14809
14812
14813
14817
14822
14823
14825
14826
14830
14834
14837
14840
14841
14842
14846
14848
14850
14854
14858
14859
14862
14866
14869
14872
14875
14879
14881
14885
14886
14890
14894
14898
14899
14900
14905
14908
14909
14913
14915
14917
14921
14924
14929
14931
14935
14940
14943
14945
14947
14948
14952
14955
14958
14961
14966
14967
14970
14974
14975
14978
14981
14985
14986
14991
14992
14993
14997
15002
15006
15008
15010
15015
15020
15024
15025
15027
15032
15037
15041
15046
15051
15056
15057
15059
15061
15062
15066
15070
15071
15074
15075
15080
15083
15086
15090
15094
15096
15098
15102
15107
15112
15115
15117
15120
15124
15127
15130
15133
15135
15139
15142
15147
15148
15152
15153
15156
15158
15160
15164
15169
15174
15177
15178
15180
15181
15184
15187
15189
15192
15195
15197
15199
15200
15203
15206
15209
15210
15214
15218
15221
15222
15226
15230
15235
15240
15242
15247
15248
15253
15255
15256
15258
15259
15261
15263
15268
15269
15271
15272
15273
15275
15277
15282
15287
15290
15293
15298
15303
15307
15309
15314
15319
15321
15326
15331
15333
15336
15339
15343
15344
15345
15349
15353
15355
15357
15362
15363
15367
15370
15371
15372
15374
15377
15379
15382
15386
15391
15395
15398
15402
15406
15407
15408
15411
15414
15418
15420
15423
15426
15430
15433
15437
15438
15443
15447
15449
15450
15455
15456
15457
15459
15463
15464
15469
15474
15478
15479
15484
15489
15494
15499
15504
15508
15511
15515
15520
15523
15525
15527
15529
15530
15531
15532
15534
15535
15536
15540
15541
15546
15549
15554
15559
15563
15567
15569
15572
15574
15575
15580
15582
15584
15589
15591
15595
15598
15599
15601
15602
15604
15609
15613
15615
15620
15624
15626
15627
15628
15629
15630
15631
15633
15637
15640
15643
15647
15651
15654
15655
15659
15664
15667
15672
15674
15678
15680
15682
15683
15686
15688
15691
15695
15700
15705
15709
15711
15712
15716
15718
15723
15728
15729
15731
15736
15737
15742
15747
15750
15755
15759
15762
15764
15768
15772
15776
15780
15783
15784
15789
15792
15796
15799
15804
15808
15811
15815
15820
15825
15830
15834
15839
15841
15844
15849
15851
15856
15861
15866
15871
15874
15875
15879
15881
15885
15889
15894
15895
15899
15900
15901
15902
15904
15909
15910
15915
15920
15925
15926
15931
15934
15936
15941
15942
15945
15948
15950
15953
15954
15958
15959
15963
15968
15971
15974
15976
15978
15982
15983
15987
15992
15997
15998
16003
16005
16007
16010
16015
16019
16024
16025
16026
16030
16034
16039
16044
16046
16048
16053
16057
16058
16059
16060
16061
16062
16067
16070
16073
16077
16079
16082
16086
16090
16095
16096
16097
16102
16106
16109
16111
16114
16115
16118
16119
16123
16125
16127
16130
16133
16136
16139
16141
16144
16147
16150
16151
16156
16159
16162
16167
16168
16169
16174
16178
16182
16186
16187
16191
16193
16195
16196
16197
16200
16204
16206
16211
16215
16217
16221
16223
16225
16228
16229
16234
16237
16240
16245
16247
16251
16253
16255
16260
16263
16267
16271
16274
16277
16280
16284
16287
16289
16294
16297
16302
16305
16307
16309
16310
16312
16313
16317
16318
16322
16325
16328
16332
16335
16339
16344
16347
16350
16354
16358
16361
16363
16367
16370
16371
16376
16377
16380
16383
16385
16388
16393
16396
16400
16404
16409
16412
16417
16418
16420
16422
16424
16429
16431
16432
16437
16440
16444
16448
16449
16454
16455
16458
16460
16465
16469
16473
16478
16482
16486
16489
16492
16493
16497
16502
16507
16509
16512
16516
16517
16520
16521
16526
16530
16531
16532
16537
16542
16546
16547
16549
16554
16557
16560
16561
16564
16569
16570
16571
16574
16578
16583
16584
16585
16587
16589
16591
16596
16601
16606
16609
16611
16612
16617
16621
16624
16627
16629
16631
16636
16638
16643
16647
16649
16651
16652
16654
16655
16660
16665
16668
16673
16678
16679
16684
16685
16688
16690
16693
16696
16700
16703
16705
16707
16710
16715
16717
16720
16724
16728
16730
16735
16736
16737
16738
16742
16746
16751
16755
16756
16758
16760
16763
16765
16770
16774
16777
16781
16782
16787
16790
16793
16797
16798
16801
16805
16810
16811
16816
16818
16819
16823
16826
16828
16829
16830
16833
16834
16837
16840
16845
16850
16851
16856
16860
16861
16865
16866
16868
16871
16876
16879
16882
16883
16885
16890
16895
16898
16902
16906
16907
16908
16913
16914
16915
16919
16920
16922
16926
16928
16930
16933
16935
16940
16943
16945
16947
16949
16952
16956
16960
16961
16966
16970
16973
16974
16979
16982
16985
16990
16994
16996
17001
17003
17007
17009
17012
17016
17018
17023
17026
17028
17031
17033
17038
17043
17045
17048
17053
17058
17061
17062
17064
17065
17066
17071
17072
17075
17080
17085
17089
17091
17095
17096
17098
17102
17107
17109
17112
17116
17118
17120
17123
17124
17129
17133
17138
17139
17144
17149
17152
17157
17160
17164
17165
17168
17173
17174
17177
17180
17182
17184
17185
17187
17192
17196
17197
17198
17199
17200
17201
17202
17203
17204
17209
17210
17215
17218
17223
17228
17229
17234
17236
17238
17241
17243
17248
17252
17257
17262
17263
17265
17270
17273
17275
17276
17281
17282
17283
17286
17290
17295
17300
17304
17306
17311
17312
17314
17315
17319
17324
17329
17333
17335
17337
17338
17341
17342
17345
17350
17355
17358
17362
17363
17367
17370
17372
17373
17376
17379
17380
17381
17383
17387
17392
17396
17401
17404
17409
17413
17415
17417
17420
17422
17423
17428
17431
17435
17438
17440
17445
17448
17453
17457
17458
17463
17468
17470
17475
17480
17483
17484
17489
17490
17495
17499
17504
17508
17511
17515
17517
17519
17521
17524
17529
17531
17535
17539
17542
17547
17550
17554
17559
17562
17564
17566
17570
17571
17574
17579
17582
17583
17586
17589
17590
17592
17595
17600
17604
17608
17610
17614
17618
17622
17626
17627
17631
17636
17640
17644
17648
17649
17650
17653
17656
17659
17664
17665
17666
17669
17670
17674
17676
17680
17683
17688
17693
17694
17697
17701
17706
17707
17711
17712
17715
17717
17721
17726
17731
17733
17735
17739
17740
17744
17749
17750
17753
17757
17762
17764
17765
17766
17771
17773
17774
17776
17777
17780
17782
17787
17791
17795
17798
17799
17801
17806
17809
17811
17816
17819
17822
17826
17829
17834
17836
17839
17840
17843
17848
17853
17857
17860
17864
17866
17871
17872
17873
17877
17880
17885
17888
17892
17896
17897
17900
17905
17909
17914
17919
17922
17923
17926
17928
17933
17936
17939
17942
17943
17948
17949
17953
17957
17958
17959
17964
17965
17966
17970
17974
17977
17978
17980
17982
17985
17986
17991
17996
17999
18004
18009
18011
18014
18017
18018
18019
18020
18024
18029
18033
18036
18039
18040
18045
18048
18050
18052
18053
18055
18059
18064
18066
18070
18072
18076
18079
18080
18084
18087
18092
18097
18099
18101
18105
18107
18112
18114
18118
18119
18121
18123
18128
18130
18132
18134
18139
18141
18146
18151
18156
18160
18161
18163
18166
18170
18172
18177
18181
18182
18184
18189
18191
18195
18196
18200
18202
18203
18208
18211
18213
18216
18218
18221
18224
18226
18228
18229
18230
18233
18236
18238
18242
18244
18245
18248
18249
18250
18255
18258
18260
18261
18266
18269
18270
18271
18272
18273
18277
18282
18285
18287
18290
18293
18297
18301
18305
18310
18315
18319
18321
18326
18328
18332
18335
18338
18342
18345
18347
18352
18354
18356
18361
18366
18370
18373
18376
18381
18384
18386
18389
18392
18393
18394
18399
18404
18406
18411
18414
18418
18420
18425
18429
18433
18435
18439
18443
18447
18449
18454
18459
18461
18466
18467
18468
18472
18476
18480
18483
18487
18492
18495
18497
18498
18499
18501
18502
18507
18510
18513
18516
18519
18524
18526
18529
18534
18536
18539
18543
18545
18546
18548
18551
18554
18558
18559
18562
18567
18572
18573
18575
18579
18580
18584
18588
18590
18592
18597
18598
18600
18605
18610
18615
18618
18619
18621
18626
18630
18633
18634
18638
18639
18644
18645
18649
18654
18657
18660
18661
18666
18671
18672
18675
18676
18679
18682
18685
18688
18690
18693
18698
18701
18702
18707
18710
18715
18719
18723
18726
18730
18735
18738
18743
18744
18746
18748
18751
18753
18754
18758
18759
18760
18762
18764
18769
18774
18775
18778
18780
18784
18789
18790
18795
18798
18800
18802
18806
18807
18812
18815
18817
18820
18821
18822
18826
18831
18832
18837
18838
18843
18844
18847
18849
18852
18857
18858
18863
18864
18865
18868
18873
18874
18876
18881
18885
18889
18891
18894
18899
18900
18902
18903
18905
18908
18909
18913
18915
18919
18922
18927
18932
18933
18934
18939
18940
18943
18946
18948
18950
18951
18953
18955
18956
18957
18961
18965
18970
18975
18980
18985
18988
18991
18992
18994
18997
19001
19003
19004
19007
19011
19013
19015
19018
19022
19025
19026
19027
19028
19033
19035
19036
19040
19041
19043
19047
19049
19054
19056
19057
19059
19063
19067
19068
19073
19074
19078
19079
19082
19084
19087
19088
19093
19096
19098
19101
19102
19105
19107
19111
19116
19121
19124
19128
19131
19136
19141
19144
19147
19151
19154
19156
19157
19159
19160
19164
19167
19169
19171
19176
19180
19181
19186
19188
19189
19194
19196
19198
19202
19207
19208
19211
19215
19216
19219
19222
19226
19231
19232
19235
19239
19243
19245
19247
19252
19257
19259
19261
19263
19264
19269
19273
19274
19276
19281
19283
19288
19292
19295
19299
19302
19304
19309
19311
19314
19315
19320
19322
19323
19326
19328
19333
19334
19339
19342
19344
19347
19351
19352
19354
19356
19358
19363
19367
19369
19374
19377
19381
19385
19386
19388
19389
19392
19395
19399
19400
19403
19405
19407
19412
19414
19418
19422
19423
19428
19430
19434
19439
19444
19445
19448
19452
19453
19454
19455
19456
19461
19463
19465
19467
19468
19471
19475
19480
19482
19486
19490
19495
19500
19502
19505
19509
19514
19519
19524
19527
19529
19532
19534
19535
19538
19540
19541
19545
19548
19552
19553
19557
19561
19565
19568
19569
19572
19576
19580
19583
19584
19585
19590
19592
19594
19599
19602
19603
19608
19611
19616
19620
19623
19627
19628
19633
19635
19638
19640
19641
19644
19649
19653
19658
19661
19666
19668
19671
19676
19680
19685
19687
19689
19692
19697
19702
19705
19709
19711
19715
19717
19720
19724
19728
19732
19735
19740
19742
19746
19748
19753
19754
19757
19758
19762
19767
19768
19770
19771
19773
19777
19778
19779
19780
19781
19783
19786
19789
19794
19797
19802
19806
19808
19811
19814
19819
19821
19823
19827
19830
19831
19834
19837
19838
19840
19845
19848
19852
19854
19856
19857
19861
19864
19869
19870
19874
19875
19878
19881
19883
19886
19887
19888
19890
19894
19898
19901
19902
19905
19907
19911
19916
19921
19925
19927
19932
19933
19935
19938
19941
19946
19950
19953
19957
19959
19963
19968
19969
19972
19975
19978
19981
19984
19987
19992
19994
19998
19999
20000
20002
20006
20007
20008
20012
20013
20018
20023
20024
20028
20031
20034
20037
20038
20042
20044
20045
20047
20052
20057
20058
20060
20061
20066
20067
20068
20071
20076
20077
20079
20082
20084
20085
20088
20093
20096
20101
20102
20104
20107
20111
20114
20119
20121
20125
20130
20135
20140
20142
20146
20149
20153
20158
20160
20161
20162
20165
20166
20169
20170
20172
20173
20176
20179
20183
20186
20191
20195
20199
20201
20202
20203
20206
20207
20209
20212
20217
20222
20224
20228
20233
20238
20242
20245
20248
20253
20257
20261
20262
20265
20269
20272
20277
20278
20280
20285
20290
20293
20297
20299
20300
20304
20306
20307
20308
20312
20313
20315
20320
20321
20323
20327
20331
20333
20336
20339
20344
20345
20347
20352
20353
20358
20361
20362
20363
20368
20372
20374
20375
20377
20382
20386
20387
20388
20391
20394
20399
20400
20401
20402
20407
20412
20414
20415
20416
20418
20421
20422
20425
20428
20432
20436
20439
20441
20445
20447
20451
20453
20457
20461
20466
20469
20470
20474
20476
20481
20485
20487
20489
20493
20498
20502
20507
20510
20511
20513
20515
20518
20522
20523
20528
20529
20530
20532
20534
20536
20541
20542
20545
20546
20551
20552
20556
20558
20559
20563
20566
20569
20570
20572
20577
20582
20583
20584
20585
20586
20590
20593
20598
20601
20606
20609
20610
20615
20618
20621
20625
20628
20630
20632
20634
20635
20640
20642
20643
20646
20650
20655
20659
20662
20667
20669
20672
20675
20677
20682
20687
20689
20692
20695
20697
20701
20703
20708
20711
20714
20719
20722
20724
20725
20726
20731
20736
20738
20741
20745
20748
20752
20757
20758
20759
20763
20767
20772
20774
20778
20780
20782
20786
20790
20792
20796
20797
20799
20800
20801
20806
20810
20815
20817
20821
20826
20830
20831
20835
20836
20841
20842
20845
20850
20855
20859
20863
20867
20872
20875
20877
20878
20882
20886
20888
20892
20895
20897
20898
20900
20903
20907
20910
20913
20914
20918
20923
20925
20927
20930
20933
20938
20939
20941
20944
20948
20950
20954
20957
20961
20963
20964
20969
20974
20977
20978
20982
20984
20989
20990
20993
20996
20997
21001
21003
21008
21013
21014
21015
21017
21022
21027
21032
21033
21037
21040
21041
21043
21046
21048
21053
21058
21063
21067
21071
21075
21077
21081
21083
21088
21091
21093
21095
21100
21102
21105
21108
21109
21112
21116
21119
21121
21126
21131
21135
21139
21141
21142
21147
21151
21155
21158
21162
21167
21170
21171
21174
21179
21182
21183
21185
21186
21191
21195
21196
21200
21204
21205
21208
21213
21218
21219
21220
21221
21226
21229
21231
21232
21237
21242
21247
21249
21251
21253
21257
21262
21265
21269
21270
21274
21275
21278
21280
21281
21286
21288
21293
21297
21300
21305
21310
21314
21319
21323
21325
21326
21328
21329
21333
21334
21339
21343
21348
21349
21354
21359
21362
21366
21370
21375
21377
21379
21380
21384
21389
21390
21394
21395
21396
21400
21404
21407
21411
21415
21416
21420
21421
21423
21428
21429
21432
21436
21439
21442
21444
21449
21451
21455
21458
21459
21461
21464
21469
21473
21474
21478
21479
21483
21488
21492
21494
21497
21498
21499
21500
21501
21503
21504
21509
21513
21517
21519
21521
21523
21528
21533
21534
21537
21542
21543
21547
21549
21551
21555
21557
21561
21566
21570
21572
21577
21582
21583
21586
21590
21595
21599
21603
21605
21609
21614
21615
21617
21621
21626
21631
21636
21639
21643
21644
21646
21647
21648
21652
21655
21659
21661
21663
21668
21672
21673
21678
21680
21681
21685
21690
21692
21693
21695
21700
21703
21704
21708
21711
21712
21713
21716
21719
21724
21725
21726
21731
21734
21735
21737
21740
21741
21742
21746
21751
21754
21756
21758
21759
21761
21763
21765
21769
21770
21774
21779
21782
21784
21787
21791
21792
21796
21801
21806
21810
21811
21816
21817
21820
21824
21829
21830
21834
21839
21841
21846
21848
21851
21856
21860
21865
21867
21870
21874
21875
21877
21882
21886
21891
21892
21897
21900
21901
21904
21905
21910
21911
21912
21917
21918
21921
21925
21929
21930
21933
21938
21942
21945
21946
21949
21953
21958
21961
21962
21963
21968
21973
21976
21981
21986
21990
21993
21998
21999
22000
22001
22002
22006
22008
22013
22017
22020
22021
22022
22027
22031
22036
22037
22039
22043
22047
22051
22052
22054
22055
22059
22060
22063
22065
22070
22074
22079
22080
22083
22084
22087
22090
22091
22093
22098
22102
22107
22110
22111
22114
22116
22117
22122
22125
22128
22129
22130
22132
22134
22138
22139
22144
22147
22149
22154
22156
22157
22160
22164
22166
22171
22175
22179
22180
22184
22189
22192
22196
22200
22204
22205
22208
22211
22213
22216
22217
22220
22225
22230
22231
22235
22239
22243
22248
22251
22255
22259
22263
22264
22268
22270
22273
22276
22279
22281
22283
22284
22287
22289
22292
22293
22297
22302
22305
22310
22312
22317
22320
22322
22325
22330
22331
22333
22338
22340
22345
22350
22353
22357
22362
22367
22369
22372
22373
22374
22375
22378
22380
22381
22384
22388
22393
22395
22397
22402
22406
22409
22410
22411
22415
22418
22420
22421
22423
22426
22431
22436
22440
22442
22443
22446
22450
22452
22455
22456
22460
22464
22468
22469
22470
22473
22477
22479
22484
22485
22488
22491
22495
22499
22503
22505
22510
22513
22517
22522
22527
22530
22531
22533
22537
22538
22542
22546
22550
22555
22559
22560
22561
22564
22569
22570
22572
22575
22580
22582
22584
22589
22591
22593
22596
22601
22603
22606
22608
22612
22617
22622
22624
22628
22630
22633
22638
22641
22646
22651
22653
22655
22660
22663
22666
22670
22674
22679
22684
22687
22688
22693
22696
22699
22703
22705
22709
22714
22717
22718
22721
22722
22725
22730
22731
22734
22735
22736
22741
22745
22747
22749
22750
22755
22757
22762
22764
22765
22766
22767
22770
22775
22777
22782
22787
22791
22792
22794
22797
22799
22801
22803
22806
22808
22809
22811
22814
22818
22823
22827
22831
22836
22841
22843
22846
22850
22851
22856
22859
22863
22868
22873
22876
22881
22884
22888
22891
22892
22895
22900
22905
22910
22911
22913
22916
22920
22922
22924
22929
22932
22933
22938
22941
22946
22951
22954
22957
22960
22965
22966
22969
22971
22976
22980
22984
22985
22990
22992
22997
23000
23005
23010
23012
23013
23018
23021
23026
23031
23032
23033
23038
23043
23047
23049
23051
23054
23056
23060
23062
23064
23066
23067
23071
23075
23076
23078
23079
23084
23089
23092
23097
23102
23106
23109
23111
23116
23118
23119
23123
23128
23130
23134
23139
23141
23143
23145
23148
23149
23151
23153
23155
23158
23162
23166
23171
23173
23178
23180
23183
23184
23188
23189
23193
23198
23201
23202
23205
23207
23210
23215
23217
23219
23224
23228
23232
23236
23238
23240
23245
23248
23252
23256
23260
23263
23265
23270
23275
23277
23278
23279
23284
23285
23288
23292
23295
23296
23300
23301
23304
23308
23309
23311
23315
23320
23324
23329
23334
23338
23340
23341
23342
23345
23350
23352
23353
23358
23360
23365
23370
23372
23376
23381
23384
23385
23388
23389
23390
23393
23394
23396
23399
23404
23409
23411
23415
23417
23422
23424
23427
23429
23433
23435
23437
23441
23443
23448
23450
23453
23455
23457
23460
23463
23465
23467
23468
23469
23472
23475
23478
23483
23485
23488
23493
23497
23502
23505
23509
23512
23514
23518
23519
23522
23527
23528
23531
23532
23534
23539
23542
23546
23547
23552
23557
23560
23563
23567
23569
23573
23575
23577
23579
23584
23587
23589
23594
23596
23599
23600
23604
23609
23611
23612
23616
23619
23620
23624
23629
23631
23634
23639
23644
23646
23650
23654
23658
23662
23667
23668
23673
23676
23680
23683
23685
23686
23691
23695
23696
23699
23701
23702
23705
23709
23710
23711
23716
23721
23722
23727
23730
23731
23736
23738
23743
23746
23747
23748
23750
23753
23758
23761
23763
23766
23768
23771
23774
23778
23782
23786
23789
23790
23791
23796
23798
23802
23805
23806
23807
23811
23815
23817
23821
23823
23825
23829
23830
23831
23832
23833
23837
23839
23840
23842
23844
23847
23851
23854
23857
23858
23859
23860
23864
23867
23871
23874
23879
23881
23885
23890
23891
23894
23898
23900
23901
23902
23904
23906
23908
23911
23916
23917
23919
23924
23928
23929
23934
23936
23941
23945
23947
23949
23954
23957
23959
23963
23965
23968
23969
23974
23976
23980
23984
23989
23990
23991
23995
23998
24000
24004
24008
24013
24015
24020
24021
24025
24029
24030
24031
24032
24033
24035
24040
24043
24046
24048
24052
24054
24059
24061
24066
24071
24076
24080
24081
24085
24090
24093
24094
24095
24098
24099
24104
24105
24109
24112
24113
24116
24118
24122
24123
24128
24133
24134
24135
24140
24145
24147
24150
24155
24157
24161
24164
24169
24173
24176
24177
24179
24180
24181
24183
24187
24188
24190
24195
24199
24200
24205
24209
24212
24216
24218
24220
24223
24226
24230
24235
24239
24240
24242
24246
24248
24249
24254
24258
24260
24262
24266
24267
24268
24269
24271
24272
24275
24279
24283
24286
24290
24293
24295
24299
24301
24304
24305
24307
24312
24317
24318
24322
24325
24326
24329
24334
24339
24344
24349
24353
24354
24359
24361
24366
24370
24373
24376
24378
24381
24383
24385
24389
24392
24396
24401
24405
24406
24408
24412
24413
24415
24417
24418
24423
24427
24430
24433
24437
24440
24442
24445
24448
24450
24454
24457
24459
24464
24466
24469
24470
24472
24474
24479
24484
24489
24494
24497
24501
24503
24506
24508
24511
24515
24516
24520
24522
24524
24525
24529
24533
24534
24539
24543
24544
24546
24551
24554
24555
24560
24564
24566
24571
24575
24576
24581
24585
24586
24589
24594
24597
24602
24603
24604
24608
24611
24616
24621
24623
24624
24629
24632
24634
24636
24639
24644
24649
24654
24655
24658
24663
24666
24669
24674
24679
24681
24685
24690
24693
24698
24703
24704
24708
24713
24715
24718
24719
24724
24728
24732
24736
24740
24745
24748
24753
24756
24758
24763
24764
24768
24772
24777
24781
24784
24787
24791
24796
24801
24806
24811
24812
24813
24818
24820
24822
24824
24827
24828
24832
24834
24839
24840
24844
24848
24850
24852
24854
24858
24863
24867
24872
24873
24877
24882
24886
24889
24891
24894
24896
24898
24899
24904
24909
24911
24916
24918
24921
24926
24927
24929
24931
24935
24939
24942
24947
24950
24951
24955
24956
24959
24963
24966
24969
24974
24978
24980
24985
24986
24991
24993
24994
24996
25000
25005
25008
25012
25016
25019
25022
25024
25025
25027
25030
25033
25035
25036
25039
25042
25046
25048
25053
25058
25062
25065
25070
25071
25075
25080
25081
25083
25086
25087
25089
25090
25095
25097
25100
25103
25104
25107
25108
25110
25114
25118
25123
25127
25131
25134
25139
25141
25142
25146
25149
25153
25157
25159
25163
25165
25167
25170
25171
25174
25175
25177
25178
25181
25182
25186
25190
25195
25199
25200
25201
25202
25206
25209
25213
25216
25220
25223
25225
25228
25233
25236
25239
25242
25243
25248
25250
25255
25258
25261
25262
25266
25269
25270
25274
25275
25278
25281
25284
25286
25287
25291
25296
25301
25305
25308
25313
25316
25318
25320
25321
25324
25325
25328
25331
25332
25337
25338
25342
25344
25346
25350
25353
25357
25360
25361
25363
25364
25365
25368
25372
25377
25380
25382
25385
25388
25391
25392
25396
25397
25401
25405
25407
25411
25415
25416
25417
25419
25423
25426
25427
25428
25431
25435
25438
25443
25448
25450
25452
25453
25456
25460
25461
25464
25469
25471
25476
25477
25482
25485
25487
25491
25492
25493
25497
25500
25505
25509
25513
25514
25519
25522
25525
25529
25534
25539
25540
25545
25547
25550
25551
25553
25556
25557
25559
25563
25566
25570
25573
25577
25581
25582
25585
25586
25591
25592
25595
25599
25600
25605
25610
25615
25619
25623
25627
25631
25634
25635
25640
25645
25646
25651
25654
25657
25659
25660
25661
25664
25668
25672
25673
25678
25679
25684
25689
25691
25693
25698
25701
25703
25705
25708
25710
25711
25716
25721
25722
25727
25732
25733
25735
25738
25740
25742
25744
25746
25750
25751
25755
25760
25761
25766
25767
25768
25771
25776
25778
25782
25786
25787
25790
25792
25794
25797
25802
25807
25811
25814
25818
25823
25824
25829
25833
25834
25839
25844
25845
25848
25852
25854
25856
25861
25862
25863
25865
25867
25871
25874
25878
25882
25885
25889
25891
25893
25896
25901
25902
25907
25908
25909
25912
25914
25919
25920
25925
25927
25930
25934
25938
25940
25943
25947
25949
25952
25956
25957
25961
25962
25967
25972
25974
25978
25980
25985
25986
25990
25995
25998
26000
26001
26003
26004
26009
26014
26015
26016
26018
26020
26021
26022
26024
26028
26033
26034
26039
26041
26043
26045
26050
26052
26053
26055
26059
26062
26064
26065
26069
26073
26078
26080
26083
26084
26085
26086
26091
26094
26096
26101
26104
26109
26113
26117
26122
26124
26125
26128
26131
26133
26138
26139
26141
26144
26149
26152
26157
26162
26167
26172
26175
26179
26183
26185
26190
26192
26194
26199
26201
26205
26207
26210
26214
26217
26219
26223
26226
26229
26231
26235
26239
26240
26245
26246
26249
26253
26254
26259
26263
26264
26269
26272
26276
26279
26280
26285
26286
26287
26291
26295
26296
26298
26299
26301
26302
26303
26308
26310
26315
26320
26321
26323
26326
26331
26335
26338
26343
26348
26353
26356
26359
26362
26366
26370
26372
26376
26378
26379
26381
26385
26389
26390
26394
26399
26403
26408
26411
26415
26420
26424
26428
26433
26436
26441
26442
26446
26449
26451
26454
26459
26462
26463
26465
26467
26472
26475
26477
26478
26481
26484
26487
26488
26491
26494
26497
26500
26503
26505
26510
26514
26516
26517
26520
26524
26527
26531
26535
26539
26542
26545
26550
26553
26558
26561
26562
26563
26564
26569
26570
26575
26579
26582
26585
26590
26594
26596
26600
26604
26605
26607
26608
26613
26618
26619
26624
26629
26633
26634
26639
26642
26644
26645
26650
26651
26653
26658
26659
26663
26665
26669
26670
26673
26677
26681
26684
26689
26691
26693
26695
26698
26699
26702
26703
26704
26705
26708
26711
26714
26718
26719
26722
26727
26731
26734
26736
26737
26740
26741
26743
26747
26752
26755
26758
26760
26761
26762
26764
26765
26769
26771
26773
26774
26776
26780
26784
26788
26791
26792
26797
26798
26799
26801
26804
26807
26808
26812
26814
26818
26820
26822
26823
26826
26831
26832
26834
26839
26841
26842
26844
26848
26849
26851
26854
26856
26857
26861
26863
26865
26869
26872
26874
26876
26879
26881
26886
26890
26891
26893
26898
26901
26904
26908
26913
26916
26918
26920
26924
26925
26930
26932
26936
26941
26943
26945
26950
26951
26956
26958
26961
26964
26965
26969
26973
26976
26980
26983
26984
26987
26990
26992
26994
26996
26997
27001
27006
27011
27013
27016
27019
27023
27028
27032
27036
27040
27042
27045
27048
27051
27055
27056
27059
27061
27063
27064
27068
27069
27070
27073
27077
27082
27087
27091
27094
27099
27104
27107
27112
27113
27115
27116
27121
27124
27126
27129
27131
27134
27139
27144
27149
27150
27154
27156
27157
27162
27163
27166
27168
27170
27175
27180
27185
27189
27191
27194
27196
27197
27199
27202
27207
27208
27212
27214
27218
27220
27221
27226
27227
27230
27232
27236
27240
27242
27243
27246
27251
27255
27260
27264
27265
27268
27271
27276
27279
27281
27286
27288
27290
27293
27295
27296
27300
27301
27302
27305
27309
27311
27316
27320
27324
27328
27329
27331
27334
27335
27339
27340
27341
27346
27349
27350
27351
27355
27360
27365
27370
27375
27379
27382
27385
27389
27391
27394
27396
27399
27402
27404
27406
27407
27412
27413
27415
27416
27421
27424
27426
27431
27432
27437
27441
27443
27446
27447
27448
27452
27457
27459
27463
27468
27470
27471
27473
27475
27476
27480
27481
27482
27486
27487
27492
27497
27499
27504
27506
27508
27509
27511
27514
27516
27520
27523
27527
27530
27535
27536
27540
27542
27547
27551
27555
27559
27564
27568
27573
27574
27575
27577
27578
27583
27588
27593
27594
27595
27597
27600
27601
27604
27605
27608
27612
27613
27618
27619
27620
27624
27628
27633
27635
27637
27639
27643
27647
27648
27653
27655
27656
27661
27664
27669
27670
27672
27674
27677
27679
27683
27688
27689
27691
27695
27697
27701
27705
27707
27710
27714
27718
27720
27723
27728
27733
27738
27742
27747
27752
27753
27756
27760
27761
27763
27768
27773
27775
27780
27785
27790
27795
27799
27800
27801
27803
27808
27809
27811
27812
27813
27817
27819
27824
27825
27827
27829
27834
27837
27841
27846
27847
27850
27855
27860
27865
27868
27871
27872
27876
27877
27881
27882
27886
27891
27893
27894
27898
27901
27903
27907
27909
27912
27913
27917
27922
27924
27927
27929
27932
27937
27938
27942
27946
27949
27951
27952
27953
27957
27958
27963
27965
27967
27968
27972
27977
27981
27984
27987
27988
27990
27992
27995
27997
28000
28001
28002
28005
28008
28009
28013
28018
28019
28022
28027
28032
28036
28039
28040
28042
28044
28049
28054
28056
28058
28060
28061
28064
28067
28071
28073
28074
28076
28077
28078
28079
28080
28081
28082
28083
28088
28092
28095
28099
28104
28106
28110
28114
28119
28123
28128
28132
28134
28138
28143
28146
28147
28150
28151
28152
28154
28159
28162
28166
28169
28170
28171
28173
28175
28179
28182
28184
28186
28189
28192
28195
28200
28203
28204
28207
28208
28211
28214
28218
28221
28222
28226
28230
28232
28236
28241
28244
28246
28249
28252
28254
28259
28262
28263
28266
28271
28275
28279
28280
28285
28289
28293
28294
28298
28301
28303
28305
28310
28315
28317
28321
28322
28326
28329
28334
28337
28342
28343
28347
28351
28353
28354
28358
28363
28364
28368
28373
28376
28379
28380
28385
28388
28392
28397
28400
28405
28407
28408
28413
28414
28415
28419
28421
28425
28429
28434
28435
28438
28439
28441
28443
28445
28448
28452
28453
28455
28459
28461
28466
28468
28470
28473
28475
28476
28477
28479
28484
28485
28488
28490
28492
28496
28498
28500
28502
28507
28511
28512
28513
28517
28521
28524
28526
28529
28532
28536
28541
28543
28547
28549
28551
28552
28554
28559
28563
28564
28566
28570
28572
28573
28575
28580
28581
28583
28587
28592
28597
28599
28602
28604
28606
28610
28613
28614
28616
28620
28622
28626
28630
28632
28635
28640
28641
28644
28649
28651
28653
28658
28662
28663
28668
28672
28674
28676
28681
28685
28688
28693
28697
28698
28701
28705
28707
28711
28716
28719
28723
28726
28727
28732
28737
28739
28743
28747
28752
28753
28757
28759
28764
28766
28769
28772
28776
28778
28781
28785
28786
28790
28793
28796
28799
28804
28806
28808
28812
28817
28819
28823
28825
28828
28833
28836
28840
28842
28846
28850
28853
28854
28858
28861
28862
28865
28866
28871
28873
28877
28880
28882
28885
28886
28889
28890
28895
28897
28898
28899
28901
28904
28907
28911
28915
28916
28920
28922
28925
28926
28930
28933
28934
28935
28936
28941
28943
28946
28951
28953
28958
28963
28964
28969
28971
28973
28975
28980
28981
28983
28985
28988
28989
28993
28997
29001
29005
29007
29012
29013
29015
29017
29019
29020
29022
29025
29026
29031
29035
29038
29039
29044
29046
29051
29056
29057
29059
29062
29066
29068
29069
29074
29075
29078
29083
29086
29088
29089
29092
29097
29102
29107
29111
29115
29118
29121
29122
29123
29127
29130
29133
29136
29140
29141
29143
29146
29150
29151
29153
29158
29162
29163
29168
29171
29173
29175
29180
29181
29186
29190
29193
29198
29201
29205
29207
29209
29213
29215
29216
29217
29222
29227
29229
29233
29236
29237
29240
29244
29245
29246
29247
29248
29252
29255
29258
29263
29265
29269
29274
29277
29281
29283
29285
29288
29290
29292
29293
29298
29301
29306
29310
29314
29319
29324
29326
29329
29334
29339
29343
29345
29350
29352
29355
29359
29364
29369
29372
29374
29379
29380
29382
29385
29389
29391
29394
29398
29402
29405
29409
29414
29416
29421
29422
29425
29426
29428
29430
29433
29437
29441
29446
29451
29456
29458
29460
29462
29464
29465
29466
29469
29473
29478
29480
29483
29486
29487
29488
29490
29494
29498
29503
29504
29507
29512
29517
29522
29526
29530
29533
29538
29539
29542
29546
29549
29551
29555
29556
29557
29558
29561
29565
29566
29569
29570
29573
29578
29582
29584
29589
29591
29592
29597
29601
29603
29607
29608
29609
29614
29618
29623
29627
29629
29630
29635
29636
29640
29644
29645
29646
29647
29648
29650
29654
29659
29662
29667
29669
29671
29672
29676
29677
29681
29682
29687
29692
29696
29697
29701
29702
29704
29707
29710
29714
29717
29718
29720
29725
29729
29730
29734
29736
29738
29739
29743
29748
29750
29751
29754
29757
29760
29761
29766
29770
29772
29777
29780
29781
29786
29790
29795
29800
29805
29808
29813
