23
96
18
12
96
67
45
83
29
56
21
77
19
14
80
35
8
62
70
39
70
24
30
75
27
46
75
50
30
20
12
28
7
14
50
94
69
51
27
56
87
18
9
57
9
33
37
62
60
88
6
3
64
9
86
95
98
65
64
39
58
90
85
84
24
63
33
24
24
66
38
27
2
85
6
44
92
33
89
90
98
6
66
83
2
25
2
47
9
62
54
12
86
78
69
3
48
95
44
89
77
95
76
53
58
69
96
23
43
44
2
50
14
96
44
96
53
51
2
49
64
98
69
21
16
96
69
98
6
94
62
90
85
64
47
78
43
20
92
73
77
95
78
60
26
29
54
90
46
38
15
56
6
86
69
92
33
92
11
64
87
39
79
68
27
84
87
62
16
16
56
62
74
30
92
36
85
57
54
43
21
66
7
49
98
40
58
66
43
64
54
78
23
74
37
0
34
83
26
56
20
56
49
8
71
81
67
30
65
24
31
44
84
47
50
26
73
67
63
99
55
25
90
33
24
96
47
77
32
31
60
56
1
81
37
50
30
6
76
23
70
22
73
77
99
52
33
20
28
29
76
59
59
19
18
15
51
67
9
70
39
98
13
89
36
62
40
35
44
68
50
73
87
61
7
32
28
4
28
13
60
69
2
67
98
15
8
51
71
39
1
98
59
52
61
39
24
22
37
54
17
10
4
16
75
86
80
5
30
34
14
37
37
76
38
48
