90
71
49
81
24
80
37
30
54
41
22
77
8
47
66
78
81
22
69
19
59
67
87
50
91
31
39
61
76
91
19
82
32
4
1
61
65
8
31
80
42
63
32
73
12
93
0
84
89
77
75
40
3
93
37
30
44
31
5
32
13
89
12
4
20
88
33
33
85
25
74
54
96
28
47
73
59
88
3
3
34
60
40
67
73
31
81
86
98
1
38
86
6
23
23
44
97
90
40
77
91
51
48
54
51
60
89
11
8
82
39
18
89
94
27
53
33
89
46
79
60
17
81
17
12
69
25
32
25
15
59
6
31
48
26
75
25
31
58
28
99
19
68
0
13
13
31
90
38
91
5
13
27
4
58
12
19
36
44
19
69
55
39
96
69
50
21
16
86
47
8
76
38
44
65
23
21
33
41
70
37
89
92
81
82
72
3
35
25
85
11
7
88
45
45
32
10
0
88
71
25
34
52
67
59
33
1
57
43
82
3
29
10
23
81
7
13
31
20
47
61
71
40
71
54
24
8
78
65
17
9
17
64
91
26
44
33
57
32
70
30
32
91
25
14
60
31
85
50
10
50
71
82
67
25
13
44
73
46
83
31
53
13
63
56
15
70
46
12
43
63
78
6
