28
29
65
47
42
77
30
50
29
85
60
74
98
23
6
41
31
77
67
89
73
4
61
31
90
61
4
78
47
66
85
69
55
54
49
81
5
98
11
65
29
40
59
68
85
86
16
26
71
29
82
7
29
68
48
57
22
55
3
12
83
53
23
83
16
94
50
79
88
48
14
59
97
72
85
51
5
45
52
67
59
73
71
9
46
62
14
0
64
6
53
33
19
4
11
28
48
99
80
44
19
64
95
45
87
6
15
68
27
79
68
43
70
48
56
68
67
88
67
87
36
72
32
43
96
67
35
85
94
50
62
81
82
14
24
60
25
41
45
60
33
79
73
51
77
53
97
35
40
34
90
84
44
72
65
86
42
39
23
71
64
64
83
76
99
55
70
58
27
34
5
32
40
72
21
2
17
87
19
73
13
97
32
10
96
93
42
46
49
68
49
8
96
65
28
66
57
83
30
68
37
55
57
96
80
35
29
7
95
90
37
1
34
70
35
18
70
98
36
51
51
19
9
26
18
47
7
93
36
0
79
55
69
57
7
91
5
49
61
17
50
89
51
40
22
83
91
49
38
8
47
72
44
51
28
2
48
76
7
19
39
32
30
39
19
42
8
64
92
3
98
73
45
66
44
50
98
38
98
66
52
85
44
70
1
83
52
77
61
84
5
40
59
3
84
0
0
6
96
56
94
9
55
75
13
57
13
84
